0.0000000000	0.0000000000
0.0000000000	0.9875415282
0.0000000000	0.9169435216
0.0000000000	0.8335158817
0.0000000000	0.9832775920
0.0000000000	0.9832775920
0.0000000000	0.9832775920
0.0000000000	0.9832775920
0.0000000000	0.9832775920
0.0000000000	0.9832775920
0.0000000000	0.9698996656
0.0000000000	0.9147157191
0.0000000000	0.6939799331
0.0000000000	0.9867549669
0.0000000000	0.9768211921
0.0000000000	0.9668874172
0.0000000000	0.9635761589
0.0000000000	0.9635761589
0.0000000000	0.9470198675
0.0000000000	0.8807947020
0.0000000000	0.6556291391
0.0033783784	1.0000000000
0.0034071550	1.0000000000
0.0034071550	1.0000000000
0.0034071550	1.0000000000
0.0034071550	1.0000000000
0.0034071550	0.9989047097
0.0034071550	0.9726177437
0.0034071550	1.0000000000
0.0034071550	1.0000000000
0.0067567568	1.0000000000
0.0075125209	0.9867549669
0.0177383592	0.9832775920
0.0202702703	1.0000000000
0.0405405405	1.0000000000
0.0408858603	1.0000000000
0.0709459459	1.0000000000
0.1216216216	1.0000000000
0.2331081081	1.0000000000
1.0000000000	1.0000000000
1.0000000000	1.0000000000
1.0000000000	1.0000000000
1.0000000000	1.0000000000
1.0000000000	1.0000000000
1.0000000000	1.0000000000
1.0000000000	1.0000000000
1.0000000000	1.0000000000
1.0000000000	1.0000000000
1.0000000000	1.0000000000
1.0000000000	1.0000000000
