0.0000000000	0.0000000000
0.0006246096	0.9598997494
0.0006246096	0.9423558897
0.0006246096	0.9223057644
0.0006246096	0.8771929825
0.0006246096	0.7619047619
0.0006246096	0.6416040100
0.0006246096	0.4385964912
0.0006246096	0.2280701754
0.0008183306	1.0000000000
0.0008183306	1.0000000000
0.0008183306	1.0000000000
0.0008183306	1.0000000000
0.0008183306	1.0000000000
0.0008183306	0.9987146530
0.0008183306	0.9408740360
0.0008183306	0.6966580977
0.0024449878	0.9966159052
0.0024449878	0.9966159052
0.0024449878	0.9966159052
0.0024449878	0.9966159052
0.0024449878	0.9966159052
0.0024449878	0.9966159052
0.0024449878	0.9796954315
0.0024449878	0.8426395939
0.0024549918	1.0000000000
0.0050000000	0.9006250000
0.0050000000	0.9881250000
0.0062460962	0.9724310777
0.0073349633	0.9983079526
0.0163666121	1.0000000000
0.0275000000	0.9975000000
0.0330073350	1.0000000000
0.0400000000	0.9975000000
0.1025000000	0.9975000000
0.1900000000	0.9975000000
0.2675000000	0.9975000000
0.3800000000	0.9975000000
0.5425000000	0.9981250000
0.7900000000	0.9987500000
1.0000000000	1.0000000000
1.0000000000	1.0000000000
1.0000000000	1.0000000000
1.0000000000	1.0000000000
1.0000000000	1.0000000000
1.0000000000	1.0000000000
1.0000000000	1.0000000000
1.0000000000	1.0000000000
1.0000000000	1.0000000000
1.0000000000	1.0000000000
