0.0000000000	0.0000000000
0.0000000000	0.8079470199
0.0000000000	0.6791120081
0.0000000000	0.4173553719
0.0010101010	0.9569536424
0.0013253810	0.9192734612
0.0014880952	0.9318181818
0.0014880952	0.8946280992
0.0014880952	0.8429752066
0.0014880952	0.7603305785
0.0014880952	0.6053719008
0.0014880952	0.9648760331
0.0019880716	0.9949545913
0.0019880716	0.9949545913
0.0019880716	0.9939455096
0.0019880716	0.9949545913
0.0019880716	0.9949545913
0.0019880716	0.9949545913
0.0024801587	0.9814049587
0.0030303030	0.9966887417
0.0040404040	0.9966887417
0.0040404040	0.9966887417
0.0040404040	0.9966887417
0.0040404040	0.9966887417
0.0040404040	0.9966887417
0.0061855670	0.8838709677
0.0066269052	0.9949545913
0.0144329897	0.9781637717
0.0181818182	0.9966887417
0.0213293651	0.9814049587
0.0371134021	0.9975186104
0.0424121935	0.9949545913
0.0659793814	0.9975186104
0.0949494949	0.9966887417
0.1154639175	0.9975186104
0.1752577320	0.9975186104
0.2288659794	0.9975186104
0.2969072165	0.9975186104
0.4164948454	0.9975186104
0.6144329897	0.9975186104
1.0000000000	1.0000000000
1.0000000000	1.0000000000
1.0000000000	1.0000000000
1.0000000000	1.0000000000
1.0000000000	1.0000000000
1.0000000000	1.0000000000
1.0000000000	1.0000000000
1.0000000000	1.0000000000
1.0000000000	1.0000000000
1.0000000000	1.0000000000
