0.0000000000	0.0000000000
0.0000000000	0.9980224127
0.0000000000	0.9934080422
0.0000000000	0.9426499670
0.0000000000	0.8338826632
0.0000000000	0.9990167158
0.0000000000	0.9990167158
0.0000000000	0.9990167158
0.0000000000	0.9941002950
0.0000000000	0.9862340216
0.0000000000	0.8908554572
0.0000000000	0.6882989184
0.0000000000	0.9525691700
0.0000000000	0.9367588933
0.0000000000	0.9031620553
0.0000000000	0.8201581028
0.0000000000	0.7114624506
0.0000000000	0.5948616601
0.0000000000	0.3478260870
0.0006743088	0.9990167158
0.0010172940	1.0000000000
0.0010172940	1.0000000000
0.0035105316	0.9604743083
0.0040691760	1.0000000000
0.0074173972	0.9990167158
0.0161616162	0.9092269327
0.0162767040	1.0000000000
0.0222222222	0.9780548628
0.0230692076	0.9664031621
0.0323232323	0.9980049875
0.0384356035	0.9990167158
0.0626262626	0.9985037406
0.0946083418	1.0000000000
0.1070707071	0.9990024938
0.1515151515	0.9990024938
0.2181818182	0.9990024938
0.3313131313	0.9990024938
0.4666666667	0.9990024938
0.6666666667	0.9995012469
1.0000000000	1.0000000000
1.0000000000	1.0000000000
1.0000000000	1.0000000000
1.0000000000	1.0000000000
1.0000000000	1.0000000000
1.0000000000	1.0000000000
1.0000000000	1.0000000000
1.0000000000	1.0000000000
1.0000000000	1.0000000000
1.0000000000	1.0000000000
1.0000000000	1.0000000000
