0.0000000000	0.0000000000
0.0092289944	0.2717474981
0.0153816574	0.3618167821
0.0174966353	0.4241724403
0.0198045267	0.4555895865
0.0201884253	0.4842186297
0.0239197531	0.5057427259
0.0248029225	0.5280985373
0.0298019612	0.5481139338
0.0308641975	0.5528330781
0.0321502058	0.5853751914
0.0383230453	0.6186830015
0.0409536628	0.5542725173
0.0447530864	0.6339969372
0.0536435301	0.5604311008
0.0540123457	0.6420367534
0.0736396847	0.5696689761
0.0797325103	0.6531393568
0.1213991770	0.6749617152
0.1391472868	0.6900510204
0.1844135802	0.7182235835
0.1895348837	0.7724489796
0.2317829457	0.8308673469
0.2693798450	0.8882653061
0.2802325581	0.9160714286
0.3003875969	0.9443877551
0.3178294574	0.9482142857
0.3307332293	0.8875047911
0.3496124031	0.9507653061
0.3556942278	0.9103104638
0.3790951638	0.9302414718
0.3895348837	0.9535714286
0.3978159126	0.9469145266
0.4235569423	0.9570716750
0.4387596899	0.9571428571
0.4461778471	0.9616711384
0.4812792512	0.9632042928
0.5491419657	0.9643541587
0.6287051482	0.9681870448
0.6981279251	0.9748945956
1.0000000000	1.0000000000
1.0000000000	1.0000000000
1.0000000000	1.0000000000
1.0000000000	1.0000000000
1.0000000000	1.0000000000
1.0000000000	1.0000000000
1.0000000000	1.0000000000
1.0000000000	1.0000000000
1.0000000000	1.0000000000
1.0000000000	1.0000000000
