0.0000000000	0.0000000000
0.0000000000	0.9915966387
0.0000000000	0.9915966387
0.0000000000	0.9915966387
0.0000000000	0.9915966387
0.0000000000	0.9915966387
0.0000000000	0.9605042017
0.0000000000	0.8890756303
0.0000000000	0.7319327731
0.0000000000	0.9785478548
0.0000000000	0.9636963696
0.0000000000	0.9356435644
0.0000000000	0.8877887789
0.0000000000	0.8333333333
0.0000000000	0.7491749175
0.0000000000	0.5808580858
0.0045948204	0.9818481848
0.0084317032	1.0000000000
0.0084317032	1.0000000000
0.0084317032	1.0000000000
0.0084317032	1.0000000000
0.0084317032	1.0000000000
0.0084317032	0.9884233738
0.0084317032	0.9421168688
0.0084317032	0.8572216097
0.0121546961	0.9915966387
0.0234505863	0.8980441115
0.0251256281	0.9667082813
0.0252951096	1.0000000000
0.0258980785	0.9867986799
0.0284757119	0.9916770703
0.0351758794	1.0000000000
0.0502512563	1.0000000000
0.0541436464	0.9915966387
0.0770519263	1.0000000000
0.0952782462	1.0000000000
0.1021775544	1.0000000000
0.1306532663	1.0000000000
0.1959798995	1.0000000000
0.3701842546	1.0000000000
1.0000000000	1.0000000000
1.0000000000	1.0000000000
1.0000000000	1.0000000000
1.0000000000	1.0000000000
1.0000000000	1.0000000000
1.0000000000	1.0000000000
1.0000000000	1.0000000000
1.0000000000	1.0000000000
1.0000000000	1.0000000000
1.0000000000	1.0000000000
