0.0000000000	0.0000000000
0.0000000000	0.8209752839
0.0000000000	0.9876796715
0.0000000000	0.9876796715
0.0000000000	0.9876796715
0.0000000000	0.9876796715
0.0000000000	0.9876796715
0.0000000000	0.9876796715
0.0000000000	0.9876796715
0.0000000000	0.9517453799
0.0000000000	0.7125256674
0.0000000000	0.9760956175
0.0000000000	0.9561752988
0.0000000000	0.9322709163
0.0000000000	0.8764940239
0.0000000000	0.7768924303
0.0000000000	0.6354581673
0.0000000000	0.4820717131
0.0000000000	0.2450199203
0.0040040040	0.9840637450
0.0072083879	0.9876796715
0.0099601594	0.9029029029
0.0119521912	0.9889889890
0.0119641077	1.0000000000
0.0119641077	1.0000000000
0.0119641077	1.0000000000
0.0119641077	0.9779559118
0.0119641077	1.0000000000
0.0119641077	1.0000000000
0.0119641077	1.0000000000
0.0119641077	1.0000000000
0.0179282869	1.0000000000
0.0278884462	1.0000000000
0.0398803589	1.0000000000
0.0756972112	1.0000000000
0.1254980080	1.0000000000
0.2509960159	1.0000000000
0.4023904382	1.0000000000
0.5557768924	1.0000000000
0.7231075697	1.0000000000
1.0000000000	1.0000000000
1.0000000000	1.0000000000
1.0000000000	1.0000000000
1.0000000000	1.0000000000
1.0000000000	1.0000000000
1.0000000000	1.0000000000
1.0000000000	1.0000000000
1.0000000000	1.0000000000
1.0000000000	1.0000000000
1.0000000000	1.0000000000
