0.0000000000	0.0000000000
0.0000000000	0.9901671583
0.0000000000	0.9901671583
0.0000000000	0.9901671583
0.0000000000	0.9901671583
0.0000000000	0.9901671583
0.0000000000	0.9901671583
0.0000000000	0.9891838741
0.0000000000	0.9164208456
0.0000000000	0.6597836775
0.0000000000	0.9703557312
0.0000000000	0.9604743083
0.0000000000	0.9407114625
0.0000000000	0.9150197628
0.0000000000	0.8438735178
0.0000000000	0.7213438735
0.0000000000	0.4881422925
0.0000000000	0.2272727273
0.0065195587	0.9822134387
0.0091556460	1.0000000000
0.0091556460	1.0000000000
0.0091556460	1.0000000000
0.0091556460	1.0000000000
0.0091556460	1.0000000000
0.0091556460	1.0000000000
0.0091556460	0.9993408042
0.0091556460	0.9630850363
0.0091556460	0.8259723138
0.0101146325	0.9901671583
0.0181818182	0.9017456359
0.0222222222	0.9845386534
0.0484848485	1.0000000000
0.0579857579	1.0000000000
0.1030303030	1.0000000000
0.1595959596	1.0000000000
0.2161616162	1.0000000000
0.2808080808	1.0000000000
0.3595959596	1.0000000000
0.5353535354	1.0000000000
0.7717171717	1.0000000000
1.0000000000	1.0000000000
1.0000000000	1.0000000000
1.0000000000	1.0000000000
1.0000000000	1.0000000000
1.0000000000	1.0000000000
1.0000000000	1.0000000000
1.0000000000	1.0000000000
1.0000000000	1.0000000000
1.0000000000	1.0000000000
1.0000000000	1.0000000000
