0.0000000000	0.0000000000
0.0574300072	0.1870561436
0.0711493978	0.2299343428
0.0914094281	0.2728125419
0.1123075696	0.3253383358
0.1379117811	0.3761222029
0.1629576454	0.4248961544
0.1952620244	0.4759480102
0.2245564230	0.5431107680
0.2309164872	0.5316896690
0.2533711852	0.5846391355
0.2687245753	0.5799276430
0.2892831796	0.6279428792
0.3276082328	0.6707834813
0.3663591199	0.7111539946
0.4086586231	0.7461211887
0.4515259049	0.7814743342
0.4914123492	0.8093400232
0.5288857346	0.8359706677
0.5438890218	0.8500537329
0.5693399574	0.8605171748
0.5749820617	0.8696504204
0.6113370007	0.8893103230
0.6453001674	0.9067576964
0.6725663717	0.9206650231
0.7053336522	0.9338769834
0.7364266922	0.9443706935
0.7601052380	0.9529679499
0.7707267144	0.9611548266
0.7866539105	0.9608698401
0.7952917093	0.9682478111
0.8098541019	0.9664959858
0.8142272262	0.9737337914
0.8367451382	0.9776127674
0.8567041965	0.9812146736
0.8766632549	0.9844286823
0.8920163767	0.9870331375
0.9114636643	0.9891388673
0.9237461617	0.9908012856
0.9421699079	0.9924637039
1.0000000000	1.0000000000
1.0000000000	1.0000000000
1.0000000000	1.0000000000
1.0000000000	1.0000000000
1.0000000000	1.0000000000
1.0000000000	1.0000000000
1.0000000000	1.0000000000
1.0000000000	1.0000000000
1.0000000000	1.0000000000
1.0000000000	1.0000000000
