0.0000000000	0.0000000000
0.0058091286	0.9932203390
0.0058091286	0.9898305085
0.0058091286	0.9762711864
0.0058091286	0.9457627119
0.0058091286	0.8644067797
0.0058091286	0.7220338983
0.0058091286	0.5830508475
0.0058091286	0.4203389831
0.0077348066	0.9932773109
0.0077348066	0.9932773109
0.0077348066	0.9932773109
0.0077348066	0.9932773109
0.0077348066	0.9932773109
0.0077348066	0.9932773109
0.0077348066	0.9630252101
0.0077348066	0.6789915966
0.0088397790	0.9932773109
0.0116182573	1.0000000000
0.0118043845	0.9944873208
0.0118043845	0.9944873208
0.0118043845	0.9944873208
0.0118043845	0.9944873208
0.0118043845	0.9944873208
0.0118043845	0.9944873208
0.0118043845	0.9944873208
0.0118043845	0.9768467475
0.0118043845	0.8125689085
0.0240549828	0.9015715467
0.0240549828	0.9958643507
0.0240549828	0.9958643507
0.0240549828	0.9900744417
0.0287292818	1.0000000000
0.0309278351	0.9958643507
0.0522765599	1.0000000000
0.0790378007	0.9958643507
0.1340206186	0.9958643507
0.2164948454	0.9958643507
0.3745704467	0.9958643507
0.6151202749	1.0000000000
1.0000000000	1.0000000000
1.0000000000	1.0000000000
1.0000000000	1.0000000000
1.0000000000	1.0000000000
1.0000000000	1.0000000000
1.0000000000	1.0000000000
1.0000000000	1.0000000000
1.0000000000	1.0000000000
1.0000000000	1.0000000000
1.0000000000	1.0000000000
