0.0000000000	0.0000000000
0.0000000000	0.8839835729
0.0000000000	0.6724845996
0.0000000000	0.4003984064
0.0005005005	0.6235059761
0.0006553080	0.9599589322
0.0009970090	0.8049432198
0.0025025025	0.8127490040
0.0025025025	0.7569721116
0.0025025025	0.8884462151
0.0025025025	0.8565737052
0.0026212320	0.9897330595
0.0026212320	0.9866529774
0.0026212320	0.9784394251
0.0029910269	0.9311957248
0.0032765400	0.9907597536
0.0039318480	0.9928131417
0.0040040040	0.9043824701
0.0049850449	0.9779559118
0.0089730808	0.9886439546
0.0095095095	0.9203187251
0.0099700897	0.9933199733
0.0109670987	0.9953239813
0.0111402359	0.9928131417
0.0119641077	0.9953239813
0.0159521436	0.9953239813
0.0200200200	0.9302788845
0.0279162512	0.9953239813
0.0432503277	0.9928131417
0.0458167331	0.8708708709
0.0597609562	0.9669669670
0.0816733068	0.9914914915
0.0817547358	0.9953239813
0.1055776892	0.9959959960
0.1254980080	0.9964964965
0.1533864542	0.9964964965
0.2211155378	0.9964964965
0.3127490040	0.9964964965
0.4103585657	0.9964964965
0.5916334661	0.9964964965
1.0000000000	1.0000000000
1.0000000000	1.0000000000
1.0000000000	1.0000000000
1.0000000000	1.0000000000
1.0000000000	1.0000000000
1.0000000000	1.0000000000
1.0000000000	1.0000000000
1.0000000000	1.0000000000
1.0000000000	1.0000000000
1.0000000000	1.0000000000
