0.0000000000	0.0000000000
0.0000000000	0.6827133479
0.0014316392	0.7983832620
0.0023485204	0.8563092633
0.0023485204	0.9372720642
0.0024937656	0.6695526696
0.0024937656	0.4862914863
0.0028182245	0.9671772429
0.0028182245	0.9722830051
0.0028500178	0.8253968254
0.0028500178	0.7720057720
0.0032062700	0.8845598846
0.0032062700	0.8643578644
0.0032879286	0.9737417943
0.0037576327	0.9752005835
0.0057000356	0.9047619048
0.0065758572	0.9766593727
0.0100214746	0.9728958631
0.0100214746	0.9210651450
0.0100214746	0.9900142653
0.0100214746	0.9900142653
0.0100214746	0.9900142653
0.0100214746	0.9900142653
0.0131813324	0.9177489177
0.0150322119	0.9900142653
0.0211366839	0.9773887673
0.0300429185	0.8761156730
0.0331314571	0.9235209235
0.0443808160	0.9900142653
0.0486409156	0.9589432346
0.0497886332	0.9803063457
0.0701001431	0.9825062478
0.0844062947	0.9907176009
0.1088045812	0.9904897765
0.1130185980	0.9925026776
0.1502145923	0.9928596930
0.1831187411	0.9932167083
0.2474964235	0.9932167083
0.3633762518	0.9932167083
0.5565092990	0.9935737237
1.0000000000	1.0000000000
1.0000000000	1.0000000000
1.0000000000	1.0000000000
1.0000000000	1.0000000000
1.0000000000	1.0000000000
1.0000000000	1.0000000000
1.0000000000	1.0000000000
1.0000000000	1.0000000000
1.0000000000	1.0000000000
1.0000000000	1.0000000000
