0.0000000000	0.0000000000
0.0000000000	0.9983347211
0.0000000000	0.9716902581
0.0000000000	0.8946711074
0.0000000000	0.9938888889
0.0000000000	0.9450000000
0.0000000000	0.8327777778
0.0000000000	0.9881053526
0.0000000000	0.8988954970
0.0000000000	0.7179269329
0.0000000000	0.9983108108
0.0000000000	0.9966216216
0.0000000000	0.9831081081
0.0000000000	0.9746621622
0.0000000000	0.9695945946
0.0000000000	0.9273648649
0.0000000000	0.7077702703
0.0004152824	1.0000000000
0.0016456391	1.0000000000
0.0050167224	1.0000000000
0.0075000000	1.0000000000
0.0117056856	1.0000000000
0.0249169435	1.0000000000
0.0317725753	1.0000000000
0.0401337793	1.0000000000
0.0510148108	1.0000000000
0.0652173913	1.0000000000
0.0791666667	1.0000000000
0.2892976589	1.0000000000
1.0000000000	1.0000000000
1.0000000000	1.0000000000
1.0000000000	1.0000000000
1.0000000000	1.0000000000
1.0000000000	1.0000000000
1.0000000000	1.0000000000
1.0000000000	1.0000000000
1.0000000000	1.0000000000
1.0000000000	1.0000000000
1.0000000000	1.0000000000
1.0000000000	1.0000000000
1.0000000000	1.0000000000
1.0000000000	1.0000000000
1.0000000000	1.0000000000
1.0000000000	1.0000000000
1.0000000000	1.0000000000
1.0000000000	1.0000000000
1.0000000000	1.0000000000
1.0000000000	1.0000000000
1.0000000000	1.0000000000
1.0000000000	1.0000000000
