0.0000000000	0.0000000000
0.0000000000	0.7991169978
0.0000000000	0.9832214765
0.0000000000	0.9832214765
0.0000000000	0.9832214765
0.0000000000	0.9798657718
0.0000000000	0.9563758389
0.0000000000	0.8523489933
0.0000000000	0.6753355705
0.0000000000	0.9567474048
0.0000000000	0.9463667820
0.0000000000	0.9273356401
0.0000000000	0.9083044983
0.0000000000	0.8840830450
0.0000000000	0.8252595156
0.0000000000	0.5899653979
0.0005530973	0.9832214765
0.0045417011	0.9705882353
0.0050505051	0.9199779249
0.0083612040	0.9700249792
0.0083612040	0.8930058285
0.0101010101	1.0000000000
0.0101010101	1.0000000000
0.0101010101	1.0000000000
0.0101010101	1.0000000000
0.0101010101	0.9983443709
0.0101010101	0.9873068433
0.0116150442	0.9832214765
0.0117056856	0.9975020816
0.0183946488	1.0000000000
0.0286195286	1.0000000000
0.0301003344	1.0000000000
0.0396366639	0.9757785467
0.0484949833	1.0000000000
0.0635451505	1.0000000000
0.0652654867	0.9832214765
0.0735785953	1.0000000000
0.1262626263	1.0000000000
0.1789297659	1.0000000000
0.4799331104	1.0000000000
1.0000000000	1.0000000000
1.0000000000	1.0000000000
1.0000000000	1.0000000000
1.0000000000	1.0000000000
1.0000000000	1.0000000000
1.0000000000	1.0000000000
1.0000000000	1.0000000000
1.0000000000	1.0000000000
1.0000000000	1.0000000000
1.0000000000	1.0000000000
