0.0000000000	0.0000000000
0.0000000000	0.9914236707
0.0000000000	0.9914236707
0.0000000000	0.9914236707
0.0000000000	0.9914236707
0.0000000000	0.9914236707
0.0000000000	0.9914236707
0.0000000000	0.9914236707
0.0000000000	0.9811320755
0.0000000000	0.6998284734
0.0000000000	0.9872611465
0.0000000000	0.9745222930
0.0000000000	0.9649681529
0.0000000000	0.9363057325
0.0000000000	0.8662420382
0.0000000000	0.7292993631
0.0000000000	0.5191082803
0.0000000000	0.2388535032
0.0016863406	0.9872611465
0.0043620502	0.9914236707
0.0150753769	1.0000000000
0.0150753769	1.0000000000
0.0150753769	1.0000000000
0.0150753769	1.0000000000
0.0150753769	1.0000000000
0.0150753769	1.0000000000
0.0150753769	0.9944629014
0.0150753769	0.8261351052
0.0150753769	1.0000000000
0.0226537217	0.9126784215
0.0258899676	1.0000000000
0.0355987055	1.0000000000
0.0368509213	1.0000000000
0.0453074434	1.0000000000
0.0485436893	1.0000000000
0.0647249191	1.0000000000
0.1165048544	1.0000000000
0.2783171521	1.0000000000
0.4692556634	1.0000000000
0.7572815534	1.0000000000
1.0000000000	1.0000000000
1.0000000000	1.0000000000
1.0000000000	1.0000000000
1.0000000000	1.0000000000
1.0000000000	1.0000000000
1.0000000000	1.0000000000
1.0000000000	1.0000000000
1.0000000000	1.0000000000
1.0000000000	1.0000000000
1.0000000000	1.0000000000
