0.0000000000	0.0000000000
0.0037453184	0.8768844221
0.0037453184	0.8542713568
0.0037453184	0.8140703518
0.0037453184	0.7587939698
0.0037453184	0.6645728643
0.0037453184	0.5201005025
0.0046816479	0.8982412060
0.0049730626	0.6918714556
0.0053874845	0.9224952741
0.0053874845	0.8248267171
0.0058019063	0.9873976055
0.0058019063	0.9710144928
0.0058019063	0.9911783239
0.0058019063	0.9899180844
0.0103605470	0.9936988028
0.0112994350	0.8313253012
0.0112994350	0.9921063565
0.0112994350	0.9597008725
0.0112994350	0.9073535521
0.0131826742	0.9970918155
0.0137328340	0.9170854271
0.0156936598	0.9983381803
0.0163214062	0.9983381803
0.0225988701	0.9991690902
0.0298383755	0.9943289225
0.0477987421	0.9020280811
0.0514981273	0.9371859296
0.0621468927	1.0000000000
0.0628930818	0.9553822153
0.0805031447	0.9850234009
0.0857853295	0.9949590422
0.0993710692	0.9965678627
0.1119496855	0.9987519501
0.1333333333	0.9996879875
0.1622641509	1.0000000000
0.1845574388	1.0000000000
0.2012578616	1.0000000000
0.2893081761	1.0000000000
0.5119496855	1.0000000000
1.0000000000	1.0000000000
1.0000000000	1.0000000000
1.0000000000	1.0000000000
1.0000000000	1.0000000000
1.0000000000	1.0000000000
1.0000000000	1.0000000000
1.0000000000	1.0000000000
1.0000000000	1.0000000000
1.0000000000	1.0000000000
1.0000000000	1.0000000000
