0.0000000000	0.0000000000
0.0040950041	0.9749103943
0.0040950041	0.9713261649
0.0040950041	0.9677419355
0.0040950041	0.9641577061
0.0040950041	0.9247311828
0.0040950041	0.8458781362
0.0040950041	0.7419354839
0.0040950041	0.5806451613
0.0040950041	0.3046594982
0.0055493896	0.9799666110
0.0055493896	0.9799666110
0.0055493896	0.9799666110
0.0055493896	0.9799666110
0.0055493896	0.9799666110
0.0055493896	0.9799666110
0.0055493896	0.9799666110
0.0055493896	0.9465776294
0.0055493896	0.6644407346
0.0122086570	0.9799666110
0.0238095238	0.9912280702
0.0238095238	0.9912280702
0.0238095238	0.9912280702
0.0238095238	0.9912280702
0.0238095238	0.9912280702
0.0238095238	0.9912280702
0.0238095238	0.9802631579
0.0238095238	0.8344298246
0.0238095238	0.9912280702
0.0272108844	0.9054726368
0.0340136054	0.9925373134
0.0442176871	0.9958540630
0.0442176871	0.9912280702
0.0544217687	0.9958540630
0.0646258503	0.9958540630
0.0952380952	0.9958540630
0.1700680272	0.9958540630
0.2619047619	0.9958540630
0.4081632653	0.9958540630
0.6632653061	0.9958540630
1.0000000000	1.0000000000
1.0000000000	1.0000000000
1.0000000000	1.0000000000
1.0000000000	1.0000000000
1.0000000000	1.0000000000
1.0000000000	1.0000000000
1.0000000000	1.0000000000
1.0000000000	1.0000000000
1.0000000000	1.0000000000
1.0000000000	1.0000000000
