0.0000000000	0.0000000000
0.0000000000	0.9884233738
0.0000000000	0.9404630650
0.0000000000	0.8572216097
0.0000000000	0.9689075630
0.0000000000	0.8966386555
0.0000000000	0.7428571429
0.0000000000	0.9917491749
0.0000000000	0.9768976898
0.0000000000	0.9488448845
0.0000000000	0.9009900990
0.0000000000	0.8465346535
0.0000000000	0.7623762376
0.0000000000	0.5924092409
0.0045948204	0.9950495050
0.0100502513	0.8980441115
0.0117252931	0.9662921348
0.0121546961	1.0000000000
0.0150753769	0.9916770703
0.0168634064	1.0000000000
0.0217755444	1.0000000000
0.0267335004	1.0000000000
0.0368509213	1.0000000000
0.0541436464	1.0000000000
0.0636515913	1.0000000000
0.0843170320	1.0000000000
0.0887772194	1.0000000000
0.1172529313	1.0000000000
0.1825795645	1.0000000000
0.3601340034	1.0000000000
1.0000000000	1.0000000000
1.0000000000	1.0000000000
1.0000000000	1.0000000000
1.0000000000	1.0000000000
1.0000000000	1.0000000000
1.0000000000	1.0000000000
1.0000000000	1.0000000000
1.0000000000	1.0000000000
1.0000000000	1.0000000000
1.0000000000	1.0000000000
1.0000000000	1.0000000000
1.0000000000	1.0000000000
1.0000000000	1.0000000000
1.0000000000	1.0000000000
1.0000000000	1.0000000000
1.0000000000	1.0000000000
1.0000000000	1.0000000000
1.0000000000	1.0000000000
1.0000000000	1.0000000000
1.0000000000	1.0000000000
