0.0000000000	0.0000000000
0.0000000000	0.9877433309
0.0000000000	0.9877433309
0.0000000000	0.9877433309
0.0000000000	0.9877433309
0.0000000000	0.9877433309
0.0000000000	0.9639509733
0.0000000000	0.8644556597
0.0000000000	0.6697909156
0.0000000000	0.8908296943
0.0000000000	0.8311499272
0.0000000000	0.7452692868
0.0000000000	0.6302765648
0.0000000000	0.4847161572
0.0000000000	0.3464337700
0.0000000000	0.1761280932
0.0021329541	0.9330422125
0.0047326077	0.9877433309
0.0142450142	0.9899809160
0.0142450142	0.9479961832
0.0142450142	0.8396946565
0.0142450142	1.0000000000
0.0149572650	1.0000000000
0.0156695157	1.0000000000
0.0185185185	1.0000000000
0.0213675214	1.0000000000
0.0216850338	0.9650655022
0.0341880342	1.0000000000
0.0586843351	1.0000000000
0.0752840909	0.8966380544
0.0894886364	0.9749642346
0.1321022727	0.9982117310
0.1339031339	1.0000000000
0.1789772727	1.0000000000
0.2343750000	1.0000000000
0.2926136364	1.0000000000
0.3707386364	1.0000000000
0.4829545455	1.0000000000
0.6292613636	1.0000000000
0.7911931818	1.0000000000
1.0000000000	1.0000000000
1.0000000000	1.0000000000
1.0000000000	1.0000000000
1.0000000000	1.0000000000
1.0000000000	1.0000000000
1.0000000000	1.0000000000
1.0000000000	1.0000000000
1.0000000000	1.0000000000
1.0000000000	1.0000000000
1.0000000000	1.0000000000
