0.0000000000	0.0000000000
0.0000000000	0.1893830703
0.0000000000	0.1355810617
0.0000000000	0.0911047346
0.0004760771	0.4998213648
0.0008919015	0.2553802009
0.0009521542	0.6037870668
0.0016054228	0.3170731707
0.0016662699	0.6952483030
0.0026184242	0.7688460164
0.0044595077	0.3794835007
0.0054748869	0.8292247231
0.0099976196	0.8645944980
0.0115947199	0.4411764706
0.0178528922	0.8910325116
0.0253300036	0.5078909613
0.0286944046	0.8072174739
0.0364199000	0.9181850661
0.0376614060	0.8708452042
0.0512912482	0.9178537512
0.0529789511	0.5595408895
0.0681492109	0.9522792023
0.0742680314	0.9314040729
0.0842898135	0.9715099715
0.1101147776	0.9779202279
0.1297310164	0.9456948910
0.1596126255	0.9919278253
0.2101865136	0.9933523267
0.2969870875	0.9957264957
0.3697539797	0.9088643645
0.4010043042	0.9978632479
0.4334298119	0.9444642221
0.5021707670	0.9699181203
0.5651230101	0.9887860449
0.6259044863	0.9955500178
0.6801736614	0.9987540050
0.7547033285	0.9996440014
0.8133140376	0.9998220007
0.8712011577	1.0000000000
0.9218523878	1.0000000000
1.0000000000	1.0000000000
1.0000000000	1.0000000000
1.0000000000	1.0000000000
1.0000000000	1.0000000000
1.0000000000	1.0000000000
1.0000000000	1.0000000000
1.0000000000	1.0000000000
1.0000000000	1.0000000000
1.0000000000	1.0000000000
1.0000000000	1.0000000000
