0.0000000000	0.0000000000
0.0000000000	0.8858560794
0.0000000000	0.9655629139
0.0000000000	0.8059602649
0.0000000000	0.9989909183
0.0000000000	0.9374369324
0.0000000000	0.6690211907
0.0000000000	0.9938016529
0.0000000000	0.9628099174
0.0000000000	0.9111570248
0.0000000000	0.7913223140
0.0000000000	0.5950413223
0.0000000000	0.3450413223
0.0014880952	1.0000000000
0.0019880716	1.0000000000
0.0082474227	0.9890818859
0.0111111111	1.0000000000
0.0188492063	1.0000000000
0.0288659794	1.0000000000
0.0337972167	1.0000000000
0.0701030928	1.0000000000
0.0797979798	1.0000000000
0.1298969072	1.0000000000
0.1773195876	1.0000000000
0.2391752577	1.0000000000
0.3278350515	1.0000000000
0.4061855670	1.0000000000
0.5876288660	1.0000000000
1.0000000000	1.0000000000
1.0000000000	1.0000000000
1.0000000000	1.0000000000
1.0000000000	1.0000000000
1.0000000000	1.0000000000
1.0000000000	1.0000000000
1.0000000000	1.0000000000
1.0000000000	1.0000000000
1.0000000000	1.0000000000
1.0000000000	1.0000000000
1.0000000000	1.0000000000
1.0000000000	1.0000000000
1.0000000000	1.0000000000
1.0000000000	1.0000000000
1.0000000000	1.0000000000
1.0000000000	1.0000000000
1.0000000000	1.0000000000
1.0000000000	1.0000000000
1.0000000000	1.0000000000
1.0000000000	1.0000000000
1.0000000000	1.0000000000
1.0000000000	1.0000000000
