0.0000000000	0.0000000000
0.0000000000	0.9850000000
0.0000000000	0.8931250000
0.0000000000	0.9983079526
0.0000000000	0.9670050761
0.0000000000	0.8494077834
0.0000000000	0.9987146530
0.0000000000	0.9974293059
0.0000000000	0.9974293059
0.0000000000	0.9974293059
0.0000000000	0.9948586118
0.0000000000	0.9897172237
0.0000000000	0.9035989717
0.0000000000	0.6992287918
0.0000000000	0.9498746867
0.0000000000	0.9273182957
0.0000000000	0.8847117794
0.0000000000	0.8195488722
0.0000000000	0.6942355890
0.0000000000	0.5438596491
0.0000000000	0.3408521303
0.0012492192	0.9598997494
0.0016366612	1.0000000000
0.0048899756	1.0000000000
0.0075000000	0.9993750000
0.0175000000	1.0000000000
0.0268582136	0.9649122807
0.0417348609	1.0000000000
0.0825000000	1.0000000000
0.0892420538	1.0000000000
0.1375000000	1.0000000000
0.2225000000	1.0000000000
0.3150000000	1.0000000000
0.4325000000	1.0000000000
0.6825000000	1.0000000000
1.0000000000	1.0000000000
1.0000000000	1.0000000000
1.0000000000	1.0000000000
1.0000000000	1.0000000000
1.0000000000	1.0000000000
1.0000000000	1.0000000000
1.0000000000	1.0000000000
1.0000000000	1.0000000000
1.0000000000	1.0000000000
1.0000000000	1.0000000000
1.0000000000	1.0000000000
1.0000000000	1.0000000000
1.0000000000	1.0000000000
1.0000000000	1.0000000000
1.0000000000	1.0000000000
