0.0000000000	0.0000000000
0.0000000000	0.9893885801
0.0000000000	0.9893885801
0.0000000000	0.9853461344
0.0000000000	0.9813036887
0.0000000000	0.9732187974
0.0000000000	0.9439110662
0.0000000000	0.8615462355
0.0000000000	0.6786255685
0.0000000000	0.6853360489
0.0000000000	0.5936863544
0.0000000000	0.5061099796
0.0000000000	0.4246435845
0.0000000000	0.3217922607
0.0000000000	0.1955193483
0.0004977601	0.7780040733
0.0062220010	0.8523421589
0.0105421687	0.9381648936
0.0105421687	0.8361037234
0.0105421687	0.9823803191
0.0110441767	0.9963430851
0.0110441767	1.0000000000
0.0132406488	0.9893885801
0.0170682731	1.0000000000
0.0205823293	1.0000000000
0.0326305221	1.0000000000
0.0340965655	0.9002036660
0.0559417411	0.9893885801
0.0662650602	1.0000000000
0.1266331658	0.8961298377
0.1726907631	1.0000000000
0.1758793970	0.9632958801
0.2070351759	0.9912609238
0.2693467337	0.9980024969
0.3306532663	1.0000000000
0.3979899497	1.0000000000
0.4844221106	1.0000000000
0.5859296482	1.0000000000
0.7035175879	1.0000000000
0.8412060302	1.0000000000
1.0000000000	1.0000000000
1.0000000000	1.0000000000
1.0000000000	1.0000000000
1.0000000000	1.0000000000
1.0000000000	1.0000000000
1.0000000000	1.0000000000
1.0000000000	1.0000000000
1.0000000000	1.0000000000
1.0000000000	1.0000000000
1.0000000000	1.0000000000
