0.0000000000	0.0000000000
0.0000000000	0.9695038689
0.0000000000	0.9590350478
0.0000000000	0.9148839326
0.0000000000	0.8156577151
0.0000000000	0.6554392353
0.0000000000	0.5551537071
0.0000000000	0.4349005425
0.0000000000	0.3309222423
0.0000000000	0.2269439421
0.0000000000	0.1446654611
0.0003027551	0.9754210287
0.0015930815	0.6392405063
0.0023020258	0.8152043269
0.0027624309	0.9164663462
0.0032228361	0.9723557692
0.0036832413	0.9873798077
0.0039358159	0.9795175239
0.0040964952	0.7206148282
0.0090826521	0.9827036868
0.0127446518	0.7875226040
0.0142725599	1.0000000000
0.0156537753	1.0000000000
0.0220994475	1.0000000000
0.0257341810	0.9854346837
0.0317679558	1.0000000000
0.0450614474	0.8345388788
0.0718232044	1.0000000000
0.0775052982	0.9854346837
0.0885122411	0.8846327174
0.1205273070	0.9538080216
0.1620626151	1.0000000000
0.1666666667	0.9898602974
0.2316384181	0.9990986931
0.3041431262	1.0000000000
0.4048964218	1.0000000000
0.5207156309	1.0000000000
0.6299435028	1.0000000000
0.7627118644	1.0000000000
0.8681732580	1.0000000000
1.0000000000	1.0000000000
1.0000000000	1.0000000000
1.0000000000	1.0000000000
1.0000000000	1.0000000000
1.0000000000	1.0000000000
1.0000000000	1.0000000000
1.0000000000	1.0000000000
1.0000000000	1.0000000000
1.0000000000	1.0000000000
1.0000000000	1.0000000000
