0.0000000000	0.0000000000
0.0615628719	0.1886409736
0.0766362555	0.2281271129
0.0968663229	0.2723461799
0.1195557319	0.3175118323
0.1431178104	0.3656524679
0.1704879016	0.4140635565
0.2013486712	0.4626098715
0.2297530155	0.5354403191
0.2339547798	0.5171061528
0.2553130385	0.5725682725
0.2697342324	0.5638945233
0.2986789202	0.6222767720
0.3368753590	0.6648511813
0.3799540494	0.7030530838
0.4223147616	0.7388002455
0.4656806433	0.7713255600
0.5053130385	0.8034673213
0.5394887995	0.8315434182
0.5476772616	0.8480201131
0.5768236646	0.8553237189
0.5770171149	0.8685732244
0.6132029340	0.8913890635
0.6459657702	0.9067253300
0.6794621027	0.9213702074
0.7097799511	0.9343808925
0.7386308068	0.9453174104
0.7618581907	0.9533626650
0.7675026123	0.9612407387
0.7894865526	0.9597737272
0.7951933124	0.9674333739
0.8117359413	0.9664362036
0.8213166144	0.9730178038
0.8437826541	0.9773858233
0.8578892372	0.9812562203
0.8761755486	0.9845737034
0.8923719958	0.9879464779
0.9080459770	0.9896052195
0.9247648903	0.9913745438
0.9399164054	0.9927015371
1.0000000000	1.0000000000
1.0000000000	1.0000000000
1.0000000000	1.0000000000
1.0000000000	1.0000000000
1.0000000000	1.0000000000
1.0000000000	1.0000000000
1.0000000000	1.0000000000
1.0000000000	1.0000000000
1.0000000000	1.0000000000
1.0000000000	1.0000000000
