0.0000000000	0.0000000000
0.0000000000	0.9900771775
0.0000000000	0.9900771775
0.0000000000	0.9900771775
0.0000000000	0.9900771775
0.0000000000	0.9900771775
0.0000000000	0.9900771775
0.0000000000	0.9900771775
0.0000000000	0.9636163175
0.0000000000	0.8081587652
0.0000000000	0.9378151261
0.0000000000	0.6756302521
0.0000000000	0.3220338983
0.0033195021	0.9762711864
0.0033195021	0.9627118644
0.0033195021	0.9288135593
0.0033195021	0.8237288136
0.0033195021	0.7389830508
0.0033195021	0.6033898305
0.0033195021	0.9762711864
0.0034364261	0.8891645988
0.0034364261	0.9842845327
0.0041493776	0.9762711864
0.0044198895	0.9882352941
0.0044198895	0.9882352941
0.0044198895	0.9882352941
0.0044198895	0.9882352941
0.0044198895	0.9882352941
0.0044198895	0.9882352941
0.0044198895	0.9882352941
0.0110497238	0.9882352941
0.0286677909	0.9911797133
0.0309278351	0.9942100910
0.0412371134	0.9942100910
0.0618556701	0.9942100910
0.1443298969	0.9942100910
0.2061855670	0.9942100910
0.3333333333	0.9942100910
0.4604810997	0.9942100910
0.6838487973	0.9942100910
1.0000000000	1.0000000000
1.0000000000	1.0000000000
1.0000000000	1.0000000000
1.0000000000	1.0000000000
1.0000000000	1.0000000000
1.0000000000	1.0000000000
1.0000000000	1.0000000000
1.0000000000	1.0000000000
1.0000000000	1.0000000000
1.0000000000	1.0000000000
