0.0000000000	0.0000000000
0.0000000000	0.8158961882
0.0000000000	0.9875466999
0.0000000000	0.9875466999
0.0000000000	0.9875466999
0.0000000000	0.9875466999
0.0000000000	0.9875466999
0.0000000000	0.9875466999
0.0000000000	0.9875466999
0.0000000000	0.9701120797
0.0000000000	0.7011207970
0.0000000000	0.9829268293
0.0000000000	0.9731707317
0.0000000000	0.9439024390
0.0000000000	0.8926829268
0.0000000000	0.8268292683
0.0000000000	0.6634146341
0.0000000000	0.5243902439
0.0000000000	0.3073170732
0.0037735849	0.9902439024
0.0091264668	1.0000000000
0.0091264668	1.0000000000
0.0091264668	1.0000000000
0.0091264668	1.0000000000
0.0091264668	0.9935117599
0.0091264668	1.0000000000
0.0091264668	1.0000000000
0.0091264668	1.0000000000
0.0106666667	0.9101538462
0.0106666667	1.0000000000
0.0106666667	1.0000000000
0.0106666667	0.9981538462
0.0125313283	0.9875466999
0.0293333333	1.0000000000
0.0365058670	1.0000000000
0.0773333333	1.0000000000
0.1253333333	1.0000000000
0.2880000000	1.0000000000
0.4986666667	1.0000000000
0.7226666667	1.0000000000
1.0000000000	1.0000000000
1.0000000000	1.0000000000
1.0000000000	1.0000000000
1.0000000000	1.0000000000
1.0000000000	1.0000000000
1.0000000000	1.0000000000
1.0000000000	1.0000000000
1.0000000000	1.0000000000
1.0000000000	1.0000000000
1.0000000000	1.0000000000
