0.0000000000	0.0000000000
0.0000000000	0.9993346640
0.0000000000	0.9534264804
0.0000000000	0.8190286094
0.0000000000	0.9909182644
0.0000000000	0.9878910192
0.0000000000	0.9838546922
0.0000000000	0.9737638749
0.0000000000	0.8869828456
0.0000000000	0.6690211907
0.0000000000	0.7500000000
0.0000000000	0.6620000000
0.0000000000	0.5240000000
0.0000000000	0.3200000000
0.0005000000	0.8140000000
0.0010030090	1.0000000000
0.0010030090	1.0000000000
0.0015000000	0.8480000000
0.0019880716	0.9959636731
0.0030090271	1.0000000000
0.0035000000	0.8620000000
0.0039215686	0.9809045226
0.0039215686	0.8929648241
0.0053015242	0.9969727548
0.0078431373	0.9994974874
0.0120361083	1.0000000000
0.0125000000	0.8920000000
0.0196078431	1.0000000000
0.0238568588	0.9979818365
0.0335000000	0.9180000000
0.0431293882	1.0000000000
0.0490196078	1.0000000000
0.0550033135	1.0000000000
0.0921568627	1.0000000000
0.1063189569	1.0000000000
0.2078431373	1.0000000000
0.3372549020	1.0000000000
0.4901960784	1.0000000000
0.7411764706	1.0000000000
1.0000000000	1.0000000000
1.0000000000	1.0000000000
1.0000000000	1.0000000000
1.0000000000	1.0000000000
1.0000000000	1.0000000000
1.0000000000	1.0000000000
1.0000000000	1.0000000000
1.0000000000	1.0000000000
1.0000000000	1.0000000000
1.0000000000	1.0000000000
1.0000000000	1.0000000000
