0.0000000000	0.0000000000
0.0000000000	0.7841697266
0.0000000000	0.6567164179
0.0009395553	0.4163568773
0.0016722408	0.7854477612
0.0019367334	0.8824969400
0.0021922956	0.5972738538
0.0029264214	0.8855721393
0.0034450360	0.7100371747
0.0050109615	0.7447335812
0.0066889632	0.9259950249
0.0075164422	0.7794299876
0.0104515050	0.9340796020
0.0119010335	0.8054522924
0.0129115558	0.9490004080
0.0129598662	0.9347014925
0.0167224080	0.9365671642
0.0167850226	0.9677682579
0.0203570310	0.8190830235
0.0206584893	0.9698082415
0.0250329381	0.8691761802
0.0255016722	0.9378109453
0.0271142673	0.9702162383
0.0284998434	0.8265179678
0.0316333118	0.9714402285
0.0355351171	0.9384328358
0.0368906456	0.9305769824
0.0561652679	0.9730722154
0.0566534914	0.9657513113
0.0569996868	0.8426270136
0.0742414461	0.9734802122
0.0815217391	0.9396766169
0.0922266140	0.9830299290
0.1357048748	0.9839555693
0.1465461588	0.9747042024
0.1949934124	0.9839555693
0.2490118577	0.9839555693
0.3478260870	0.9839555693
0.4611330698	0.9839555693
0.6561264822	0.9839555693
1.0000000000	1.0000000000
1.0000000000	1.0000000000
1.0000000000	1.0000000000
1.0000000000	1.0000000000
1.0000000000	1.0000000000
1.0000000000	1.0000000000
1.0000000000	1.0000000000
1.0000000000	1.0000000000
1.0000000000	1.0000000000
1.0000000000	1.0000000000
