0.0000000000	0.0000000000
0.0562335487	0.1958997722
0.0697136476	0.2411898700
0.0887772194	0.2839340748
0.1099146526	0.3367278574
0.1362367393	0.3869757470
0.1628778815	0.4362856760
0.1935072186	0.4877395149
0.2163236338	0.5509841760
0.2293212092	0.5408012863
0.2451383960	0.5905827866
0.2664114222	0.5895752378
0.2811923350	0.6341952914
0.3180979418	0.6747973755
0.3575585522	0.7158626013
0.3961674947	0.7505210343
0.4391767211	0.7839444230
0.4789212207	0.8115785411
0.5168204400	0.8389810884
0.5245156661	0.8507490992
0.5557132718	0.8628328831
0.5606314279	0.8692079145
0.5953121263	0.8910171313
0.6326237742	0.9106138188
0.6646735231	0.9246475757
0.6976799809	0.9371641697
0.7268596030	0.9470889437
0.7567567568	0.9554333397
0.7645854657	0.9636484540
0.7852188472	0.9630191542
0.7881269191	0.9705751967
0.8085977482	0.9757841073
0.8096149247	0.9690878058
0.8300921187	0.9797739111
0.8546571136	0.9826554361
0.8746161720	0.9859248587
0.8904810645	0.9883076582
0.9114636643	0.9903579741
0.9273285568	0.9918541505
0.9431934493	0.9934611548
1.0000000000	1.0000000000
1.0000000000	1.0000000000
1.0000000000	1.0000000000
1.0000000000	1.0000000000
1.0000000000	1.0000000000
1.0000000000	1.0000000000
1.0000000000	1.0000000000
1.0000000000	1.0000000000
1.0000000000	1.0000000000
1.0000000000	1.0000000000
