0.0000000000	0.0000000000
0.0120000000	0.4260000000
0.0163770053	0.6010956175
0.0163770053	0.7186254980
0.0170000000	0.5940000000
0.0207219251	0.8192231076
0.0210000000	0.6740000000
0.0217500000	0.7050000000
0.0217500000	0.7230000000
0.0232500000	0.7340000000
0.0257352941	0.8540836653
0.0260695187	0.8710159363
0.0260695187	0.8660358566
0.0282500000	0.7420000000
0.0310828877	0.8720119522
0.0411096257	0.8750000000
0.0432500000	0.7640000000
0.0670000000	0.7800000000
0.0682492582	0.7817327065
0.0708556150	0.8839641434
0.0959446093	0.8878441907
0.1028684471	0.9361987911
0.1102868447	0.9550033580
0.1107814045	0.9600402955
0.1112759644	0.9623908664
0.1157270030	0.9630624580
0.1229946524	0.8939243028
0.1290801187	0.9630624580
0.1533923304	0.8614109967
0.1622418879	0.9179010796
0.1681503462	0.9680993956
0.1819075713	0.9585739392
0.1976401180	0.9656038162
0.1996066863	0.9676123525
0.2094395280	0.9688676877
0.2324431256	0.9701141706
0.2350049164	0.9688676877
0.2861356932	0.9693698217
0.3864306785	0.9743911624
0.5240904621	0.9774039669
1.0000000000	1.0000000000
1.0000000000	1.0000000000
1.0000000000	1.0000000000
1.0000000000	1.0000000000
1.0000000000	1.0000000000
1.0000000000	1.0000000000
1.0000000000	1.0000000000
1.0000000000	1.0000000000
1.0000000000	1.0000000000
1.0000000000	1.0000000000
