0.0000000000	0.0000000000
0.0090000000	0.3460000000
0.0092776673	0.7114026236
0.0100000000	0.9180000000
0.0100000000	0.8660000000
0.0100000000	0.7760000000
0.0100000000	0.7080000000
0.0100000000	0.5960000000
0.0100000000	0.9380000000
0.0106030484	0.9848637740
0.0106030484	0.9828456105
0.0106030484	0.9727547931
0.0106030484	0.8819374369
0.0112657389	0.9858728557
0.0112657389	0.9858728557
0.0119284294	0.9889001009
0.0130000000	0.9620000000
0.0170511535	0.8236859614
0.0218687873	0.9889001009
0.0240722166	0.9301397206
0.0250752257	0.9827012641
0.0250752257	0.9893546241
0.0270812437	0.9906852961
0.0280842528	0.9913506321
0.0290872618	0.9913506321
0.0290872618	0.9920159681
0.0375000000	0.9740000000
0.0471414243	0.9940119760
0.0529411765	0.8969849246
0.0588235294	0.9633165829
0.0725490196	0.9869346734
0.0781974818	0.9929364279
0.1039215686	0.9909547739
0.1364092277	0.9953426480
0.1607843137	0.9919597990
0.1921568627	0.9929648241
0.2333333333	0.9929648241
0.2607843137	0.9949748744
0.3450980392	0.9949748744
0.5764705882	0.9979899497
1.0000000000	1.0000000000
1.0000000000	1.0000000000
1.0000000000	1.0000000000
1.0000000000	1.0000000000
1.0000000000	1.0000000000
1.0000000000	1.0000000000
1.0000000000	1.0000000000
1.0000000000	1.0000000000
1.0000000000	1.0000000000
1.0000000000	1.0000000000
