0.0000000000	0.0000000000
0.0000000000	0.9884201820
0.0000000000	0.8916459884
0.0000000000	0.9735391400
0.0000000000	0.8235942668
0.0000000000	0.9899159664
0.0000000000	0.9899159664
0.0000000000	0.9899159664
0.0000000000	0.9899159664
0.0000000000	0.9899159664
0.0000000000	0.9899159664
0.0000000000	0.9899159664
0.0000000000	0.9361344538
0.0000000000	0.7008403361
0.0000000000	0.9898305085
0.0000000000	0.9898305085
0.0000000000	0.9898305085
0.0000000000	0.9898305085
0.0000000000	0.9796610169
0.0000000000	0.9627118644
0.0000000000	0.9220338983
0.0000000000	0.7254237288
0.0099585062	0.9898305085
0.0137457045	1.0000000000
0.0243093923	0.9899159664
0.0309278351	1.0000000000
0.0421585160	1.0000000000
0.0756013746	1.0000000000
0.1168384880	1.0000000000
0.2611683849	1.0000000000
1.0000000000	1.0000000000
1.0000000000	1.0000000000
1.0000000000	1.0000000000
1.0000000000	1.0000000000
1.0000000000	1.0000000000
1.0000000000	1.0000000000
1.0000000000	1.0000000000
1.0000000000	1.0000000000
1.0000000000	1.0000000000
1.0000000000	1.0000000000
1.0000000000	1.0000000000
1.0000000000	1.0000000000
1.0000000000	1.0000000000
1.0000000000	1.0000000000
1.0000000000	1.0000000000
1.0000000000	1.0000000000
1.0000000000	1.0000000000
1.0000000000	1.0000000000
1.0000000000	1.0000000000
1.0000000000	1.0000000000
