0.0000000000	0.0000000000
0.0000000000	0.8128460687
0.0000000000	0.9897084048
0.0000000000	0.9897084048
0.0000000000	0.9897084048
0.0000000000	0.9897084048
0.0000000000	0.9897084048
0.0000000000	0.9897084048
0.0000000000	0.9897084048
0.0000000000	0.9777015437
0.0000000000	0.6998284734
0.0000000000	0.9777070064
0.0000000000	0.9681528662
0.0000000000	0.9522292994
0.0000000000	0.9299363057
0.0000000000	0.8694267516
0.0000000000	0.7324840764
0.0000000000	0.5541401274
0.0000000000	0.2515923567
0.0016863406	0.9808917197
0.0043620502	0.9897084048
0.0100502513	1.0000000000
0.0100502513	1.0000000000
0.0100502513	1.0000000000
0.0100502513	0.9944629014
0.0100502513	1.0000000000
0.0100502513	1.0000000000
0.0100502513	1.0000000000
0.0100502513	1.0000000000
0.0129449838	0.9126784215
0.0161812298	0.9991603694
0.0258899676	1.0000000000
0.0318257956	1.0000000000
0.0355987055	1.0000000000
0.0420711974	1.0000000000
0.0550161812	1.0000000000
0.1165048544	1.0000000000
0.2718446602	1.0000000000
0.4660194175	1.0000000000
0.7508090615	1.0000000000
1.0000000000	1.0000000000
1.0000000000	1.0000000000
1.0000000000	1.0000000000
1.0000000000	1.0000000000
1.0000000000	1.0000000000
1.0000000000	1.0000000000
1.0000000000	1.0000000000
1.0000000000	1.0000000000
1.0000000000	1.0000000000
1.0000000000	1.0000000000
