0.0000000000	0.0000000000
0.0008431703	0.9872611465
0.0008431703	0.9777070064
0.0008431703	0.9617834395
0.0008431703	0.9299363057
0.0008431703	0.9012738854
0.0008431703	0.7866242038
0.0008431703	0.5414012739
0.0008431703	0.3089171975
0.0010905125	0.7392795883
0.0010905125	0.9914236707
0.0010905125	0.9914236707
0.0010905125	0.9914236707
0.0010905125	0.9914236707
0.0010905125	0.9914236707
0.0010905125	0.9914236707
0.0010905125	0.9914236707
0.0010905125	0.9554030875
0.0016750419	0.8305647841
0.0025295110	0.9904458599
0.0050251256	0.9988925803
0.0050251256	0.9811738649
0.0050251256	0.9988925803
0.0050251256	0.9988925803
0.0050251256	0.9988925803
0.0050251256	0.9988925803
0.0050251256	0.9988925803
0.0054525627	0.9914236707
0.0083752094	0.9988925803
0.0161812298	0.9177162049
0.0318257956	0.9988925803
0.0323624595	0.9899244332
0.0420711974	0.9966414777
0.0744336570	0.9966414777
0.0906148867	0.9966414777
0.1035598706	0.9966414777
0.1488673139	0.9966414777
0.2750809061	0.9966414777
0.4660194175	0.9966414777
0.6666666667	0.9974811083
1.0000000000	1.0000000000
1.0000000000	1.0000000000
1.0000000000	1.0000000000
1.0000000000	1.0000000000
1.0000000000	1.0000000000
1.0000000000	1.0000000000
1.0000000000	1.0000000000
1.0000000000	1.0000000000
1.0000000000	1.0000000000
1.0000000000	1.0000000000
