0.0000000000	0.0000000000
0.0000000000	0.6941935484
0.0000000000	0.9670886076
0.0000000000	0.9594936709
0.0000000000	0.9316455696
0.0000000000	0.8936708861
0.0000000000	0.8303797468
0.0000000000	0.7367088608
0.0000000000	0.5670886076
0.0000000000	0.3898734177
0.0008163265	0.9651612903
0.0016326531	0.9961290323
0.0024489796	0.9961290323
0.0024489796	0.9987096774
0.0024489796	0.9974193548
0.0024489796	0.9974193548
0.0025252525	0.8187086093
0.0025252525	0.9983443709
0.0025252525	0.9983443709
0.0025252525	0.9842715232
0.0032653061	0.9987096774
0.0037878788	0.9983443709
0.0037878788	0.9983443709
0.0037878788	0.9983443709
0.0063131313	0.9983443709
0.0068535826	0.9721518987
0.0081632653	0.9987096774
0.0102040816	0.8930348259
0.0127551020	0.9906716418
0.0138888889	0.9983443709
0.0153061224	1.0000000000
0.0178571429	1.0000000000
0.0277551020	0.9987096774
0.0303030303	0.9983443709
0.0459183673	1.0000000000
0.1147959184	1.0000000000
0.1785714286	1.0000000000
0.3010204082	1.0000000000
0.4719387755	1.0000000000
0.6428571429	1.0000000000
1.0000000000	1.0000000000
1.0000000000	1.0000000000
1.0000000000	1.0000000000
1.0000000000	1.0000000000
1.0000000000	1.0000000000
1.0000000000	1.0000000000
1.0000000000	1.0000000000
1.0000000000	1.0000000000
1.0000000000	1.0000000000
1.0000000000	1.0000000000
