0.0000000000	0.0000000000
0.0000000000	0.9009235936
0.0000000000	0.9944629014
0.0000000000	0.9944629014
0.0000000000	0.9944629014
0.0000000000	0.9944629014
0.0000000000	0.9944629014
0.0000000000	0.9944629014
0.0000000000	0.9833887043
0.0000000000	0.8261351052
0.0000000000	0.9622641509
0.0000000000	0.7135506003
0.0000000000	0.3726114650
0.0032362460	0.9916036944
0.0033500838	0.9944629014
0.0050590219	0.9235668790
0.0050590219	0.8949044586
0.0050590219	0.8439490446
0.0050590219	0.7993630573
0.0050590219	0.6974522293
0.0050590219	0.6242038217
0.0050590219	0.9394904459
0.0054525627	0.9862778731
0.0054525627	0.9862778731
0.0054525627	0.9862778731
0.0054525627	0.9845626072
0.0054525627	0.9811320755
0.0098146129	0.9879931389
0.0143338954	0.9458598726
0.0161812298	0.9958018472
0.0163576881	0.9879931389
0.0291262136	0.9958018472
0.0381679389	0.9914236707
0.0388349515	0.9958018472
0.0418760469	0.9944629014
0.0647249191	0.9958018472
0.1294498382	0.9958018472
0.2168284790	0.9958018472
0.3883495146	0.9958018472
0.6957928803	0.9958018472
1.0000000000	1.0000000000
1.0000000000	1.0000000000
1.0000000000	1.0000000000
1.0000000000	1.0000000000
1.0000000000	1.0000000000
1.0000000000	1.0000000000
1.0000000000	1.0000000000
1.0000000000	1.0000000000
1.0000000000	1.0000000000
1.0000000000	1.0000000000
