0.0000000000	0.0000000000
0.0029761905	0.9318181818
0.0029761905	0.8780991736
0.0029761905	0.7479338843
0.0029761905	0.5847107438
0.0029761905	0.3491735537
0.0034722222	0.9669421488
0.0039682540	0.9731404959
0.0039761431	0.9899091826
0.0039761431	0.9334006054
0.0039761431	0.6589303734
0.0039761431	0.9989909183
0.0039761431	0.9919273461
0.0046388337	1.0000000000
0.0053015242	1.0000000000
0.0066269052	1.0000000000
0.0074404762	0.9752066116
0.0121212121	0.9635761589
0.0121212121	0.8000000000
0.0121212121	0.9947019868
0.0121212121	0.9947019868
0.0121212121	0.9900662252
0.0121212121	0.9874172185
0.0125911199	1.0000000000
0.0141414141	0.9947019868
0.0151515152	0.9947019868
0.0288659794	0.8769230769
0.0307539683	0.9772727273
0.0323232323	0.9973509934
0.0329896907	0.9841191067
0.0515463918	0.9945409429
0.0516898608	1.0000000000
0.0783505155	0.9955334988
0.1113402062	1.0000000000
0.1141414141	0.9973509934
0.1484536082	1.0000000000
0.1979381443	1.0000000000
0.2721649485	1.0000000000
0.4123711340	1.0000000000
0.6206185567	1.0000000000
1.0000000000	1.0000000000
1.0000000000	1.0000000000
1.0000000000	1.0000000000
1.0000000000	1.0000000000
1.0000000000	1.0000000000
1.0000000000	1.0000000000
1.0000000000	1.0000000000
1.0000000000	1.0000000000
1.0000000000	1.0000000000
1.0000000000	1.0000000000
