0.0000000000	0.0000000000
0.0104688211	0.3481012658
0.0136239782	0.5639508421
0.0160460188	0.6463359126
0.0166135640	0.4927667269
0.0196790796	0.7250796541
0.0207100592	0.5904159132
0.0223031406	0.6573236890
0.0234410560	0.6889692586
0.0254893036	0.6971066908
0.0263396912	0.7692307692
0.0287617318	0.7956304051
0.0293672419	0.8070095585
0.0355029586	0.7070524412
0.0357250984	0.8097405553
0.0475648612	0.7151898734
0.0502573418	0.8115612198
0.0552486188	0.7364783654
0.0717529519	0.8161128812
0.0723714156	0.7179023508
0.0768876611	0.8016826923
0.0999079190	0.8743990385
0.1256906077	0.9251802885
0.1265516197	0.8347746928
0.1316758748	0.9441105769
0.1362799263	0.9486177885
0.1459510358	0.8632266787
0.1464088398	0.9504206731
0.1657250471	0.9087426769
0.1754143646	0.9522235577
0.1873822976	0.9420910320
0.2140883978	0.9534254808
0.2259887006	0.9560612889
0.2438794727	0.9643983776
0.2664783427	0.9684542587
0.2697974217	0.9546274038
0.3154425612	0.9691302388
0.4161958569	0.9695808923
0.5178907721	0.9704821992
0.6421845574	0.9731861199
1.0000000000	1.0000000000
1.0000000000	1.0000000000
1.0000000000	1.0000000000
1.0000000000	1.0000000000
1.0000000000	1.0000000000
1.0000000000	1.0000000000
1.0000000000	1.0000000000
1.0000000000	1.0000000000
1.0000000000	1.0000000000
1.0000000000	1.0000000000
