0.0000000000	0.0000000000
0.0000000000	0.9897610922
0.0000000000	0.9897610922
0.0000000000	0.9897610922
0.0000000000	0.9897610922
0.0000000000	0.9897610922
0.0000000000	0.9897610922
0.0000000000	0.9897610922
0.0000000000	0.9590443686
0.0000000000	0.6467576792
0.0000000000	0.9928571429
0.0000000000	0.9928571429
0.0000000000	0.9821428571
0.0000000000	0.9285714286
0.0000000000	0.8642857143
0.0000000000	0.8250000000
0.0000000000	0.6107142857
0.0000000000	0.3214285714
0.0024590164	0.9928571429
0.0032822757	0.9897610922
0.0132013201	0.9089390142
0.0132013201	0.9974937343
0.0147783251	1.0000000000
0.0147783251	1.0000000000
0.0147783251	1.0000000000
0.0147783251	1.0000000000
0.0147783251	1.0000000000
0.0147783251	1.0000000000
0.0147783251	0.9831649832
0.0147783251	0.8193041526
0.0147783251	1.0000000000
0.0165016502	1.0000000000
0.0297029703	1.0000000000
0.0328407225	1.0000000000
0.0396039604	1.0000000000
0.0660066007	1.0000000000
0.0990099010	1.0000000000
0.2178217822	1.0000000000
0.4455445545	1.0000000000
0.7128712871	1.0000000000
1.0000000000	1.0000000000
1.0000000000	1.0000000000
1.0000000000	1.0000000000
1.0000000000	1.0000000000
1.0000000000	1.0000000000
1.0000000000	1.0000000000
1.0000000000	1.0000000000
1.0000000000	1.0000000000
1.0000000000	1.0000000000
1.0000000000	1.0000000000
