1500	1621	15	99	6	56	59	16.8574709137	0.2000402291
1500	1621	13	23	58	2	48	16.8574709137	0.2000830326
1500	1621	90	73	61	86	19	16.8574709137	0.2001161478
1500	1621	55	15	63	32	61	16.8574709137	0.2001347863
1500	1621	78	36	57	4	66	16.8574709137	0.2000409679
1500	1621	67	3	27	74	12	16.8574709137	0.2000819010
1500	1621	77	46	83	70	24	16.8574709137	0.2001314247
1500	1621	75	95	9	86	18	16.8574709137	0.2000431354
1500	1621	48	93	77	78	14	16.8574709137	0.2001642474
1500	1621	51	53	90	75	15	16.8574709137	0.2000305792
1500	3249	15	99	6	57	56	16.7890873386	0.2000510415
1500	3249	13	25	59	3	51	16.7890873386	0.2000685196
1500	3249	90	75	61	87	20	16.7890873386	0.2001033831
1500	3249	55	15	67	33	64	16.7890873386	0.2001472147
1500	3249	78	36	58	4	64	16.7890873386	0.2000431339
1500	3249	67	2	27	72	12	16.7890873386	0.2000657775
1500	3249	77	45	83	71	23	16.7890873386	0.2000208804
1500	3249	75	94	9	82	20	16.7890873386	0.2000568302
1500	3249	48	93	79	80	13	16.7890873386	0.2001263003
1500	3249	51	48	90	76	16	16.7890873386	0.2001306014
1500	4860	15	99	5	54	51	16.8414535899	0.2001029565
1500	4860	13	22	59	2	52	16.8414535899	0.2000338521
1500	4860	90	73	58	87	17	16.8414535899	0.2000240839
1500	4860	55	15	68	35	72	16.8414535899	0.2001023034
1500	4860	78	34	57	3	64	16.8414535899	0.2000254918
1500	4860	67	3	26	72	11	16.8414535899	0.2000737274
1500	4860	77	46	83	69	23	16.8414535899	0.2000659653
1500	4860	75	94	10	78	20	16.8414535899	0.2001494423
1500	4860	48	93	78	79	13	16.8414535899	0.2000595206
1500	4860	51	47	90	75	15	16.8414535899	0.2002211800
1500	6479	15	99	8	58	59	16.8158114976	0.2000470986
1500	6479	13	25	62	2	45	16.8158114976	0.2001198242
1500	6479	90	74	61	85	20	16.8158114976	0.2001291771
1500	6479	55	14	69	33	67	16.8158114976	0.2000856228
1500	6479	78	35	57	4	67	16.8158114976	0.2000333752
1500	6479	67	3	27	74	12	16.8158114976	0.2001582227
1500	6479	77	47	84	71	23	16.8158114976	0.2001759848
1500	6479	75	95	10	79	18	16.8158114976	0.2000351769
1500	6479	48	93	76	75	14	16.8158114976	0.2000929912
1500	6479	51	50	90	75	16	16.8158114976	0.2001136552
1500	8104	15	99	4	55	57	16.8284949794	0.2002738698
1500	8104	13	26	60	3	46	16.8284949794	0.2000999520
1500	8104	90	74	61	87	20	16.8284949794	0.2000366423
1500	8104	55	15	70	31	57	16.8284949794	0.2001152932
1500	8104	78	36	61	4	58	16.8284949794	0.2000642209
1500	8104	67	2	27	74	13	16.8284949794	0.2000686390
1500	8104	77	46	85	75	21	16.8284949794	0.2001474948
1500	8104	75	95	9	84	18	16.8284949794	0.2001472865
1500	8104	48	93	81	77	14	16.8284949794	0.2001362036
1500	8104	51	49	90	75	15	16.8284949794	0.2001570275
2000	2233	15	99	6	56	55	19.3099250395	0.2000786137
2000	2233	13	23	56	2	46	19.3099250395	0.2000990093
2000	2233	90	74	64	88	20	19.3099250395	0.2000545805
2000	2233	55	16	66	34	63	19.3099250395	0.2000479710
2000	2233	78	37	57	4	63	19.3099250395	0.2000334083
2000	2233	67	3	27	71	12	19.3099250395	0.2000535947
2000	2233	77	47	84	72	25	19.3099250395	0.2002754891
2000	2233	75	94	9	85	18	19.3099250395	0.2000931388
2000	2233	48	92	78	79	15	19.3099250395	0.2001526129
2000	2233	51	50	89	77	17	19.3099250395	0.2001036296
2000	4445	15	99	5	55	52	19.2698270014	0.2001023456
2000	4445	13	22	57	1	47	19.2698270014	0.2000406822
2000	4445	90	76	66	88	20	19.2698270014	0.2000905300
2000	4445	55	15	66	32	61	19.2698270014	0.2000804561
2000	4445	78	36	58	4	59	19.2698270014	0.2000332942
2000	4445	67	2	26	72	11	19.2698270014	0.2000829341
2000	4445	77	48	83	74	25	19.2698270014	0.2000625257
2000	4445	75	94	10	80	17	19.2698270014	0.2000530698
2000	4445	48	93	80	77	13	19.2698270014	0.2001014552
2000	4445	51	47	89	76	16	19.2698270014	0.2000382809
2000	6653	15	99	6	58	56	19.2875183537	0.2000407383
2000	6653	13	23	58	3	47	19.2875183537	0.2000355752
2000	6653	90	75	67	87	20	19.2875183537	0.2001934280
2000	6653	55	15	70	35	67	19.2875183537	0.2000193169
2000	6653	78	36	58	5	61	19.2875183537	0.2000930915
2000	6653	67	3	25	75	10	19.2875183537	0.2001647569
2000	6653	77	48	83	74	25	19.2875183537	0.2001096692
2000	6653	75	95	11	83	20	19.2875183537	0.2001407990
2000	6653	48	93	79	80	15	19.2875183537	0.2000419978
2000	6653	51	52	90	77	16	19.2875183537	0.2001503344
2000	8891	15	99	4	56	55	19.2635197417	0.2001241974
2000	8891	13	24	58	3	49	19.2635197417	0.2000361529
2000	8891	90	75	64	88	20	19.2635197417	0.2000461572
2000	8891	55	15	68	33	62	19.2635197417	0.2001305608
2000	8891	78	37	57	4	63	19.2635197417	0.2000854808
2000	8891	67	3	28	74	12	19.2635197417	0.2000368347
2000	8891	77	48	83	73	25	19.2635197417	0.2001390533
2000	8891	75	95	9	86	18	19.2635197417	0.2000892538
2000	8891	48	93	80	77	15	19.2635197417	0.2000709705
2000	8891	51	48	90	76	17	19.2635197417	0.2000500204
2000	11115	15	99	6	57	55	19.3684670881	0.2000362969
2000	11115	13	24	57	3	48	19.3684670881	0.2001645216
2000	11115	90	76	65	88	21	19.3684670881	0.2000561216
2000	11115	55	16	66	36	63	19.3684670881	0.2000633082
2000	11115	78	37	59	4	61	19.3684670881	0.2000430434
2000	11115	67	2	29	75	14	19.3684670881	0.2000437139
2000	11115	77	45	83	76	24	19.3684670881	0.2001761119
2000	11115	75	95	9	88	19	19.3684670881	0.2000897987
2000	11115	48	92	81	77	16	19.3684670881	0.2000982376
2000	11115	51	48	88	76	17	19.3684670881	0.2000958230
2500	2890	15	98	5	57	55	21.8207668526	0.2000998153
2500	2890	13	21	54	2	42	21.8207668526	0.2001329073
2500	2890	90	76	68	89	22	21.8207668526	0.2002119335
2500	2890	55	16	64	34	59	21.8207668526	0.2001212711
2500	2890	78	38	59	5	58	21.8207668526	0.2000730498
2500	2890	67	3	26	70	11	21.8207668526	0.2000244208
2500	2890	77	49	83	75	26	21.8207668526	0.2000560526
2500	2890	75	94	10	84	16	21.8207668526	0.2000381714
2500	2890	48	92	79	81	15	21.8207668526	0.2001146898
2500	2890	51	50	89	78	18	21.8207668526	0.2001424430
2500	5762	15	99	4	57	54	21.8174361873	0.2002309225
2500	5762	13	20	55	1	43	21.8174361873	0.2000060015
2500	5762	90	76	69	88	20	21.8174361873	0.2000327136
2500	5762	55	15	66	33	64	21.8174361873	0.2000964121
2500	5762	78	37	57	4	58	21.8174361873	0.2001543391
2500	5762	67	3	25	71	9	21.8174361873	0.2000423260
2500	5762	77	49	82	73	26	21.8174361873	0.2000316019
2500	5762	75	95	10	86	18	21.8174361873	0.2001077897
2500	5762	48	92	79	81	15	21.8174361873	0.2000388477
2500	5762	51	49	89	77	18	21.8174361873	0.2001009143
2500	8652	15	99	4	56	53	21.8028043898	0.2001466532
2500	8652	13	23	56	2	47	21.8028043898	0.2000583835
2500	8652	90	76	67	88	21	21.8028043898	0.2000496661
2500	8652	55	15	68	33	59	21.8028043898	0.2002003843
2500	8652	78	37	58	5	60	21.8028043898	0.2001328409
2500	8652	67	3	25	73	9	21.8028043898	0.2000708007
2500	8652	77	49	83	74	27	21.8028043898	0.2000236413
2500	8652	75	95	10	87	18	21.8028043898	0.2001238213
2500	8652	48	93	81	79	15	21.8028043898	0.2000277541
2500	8652	51	48	89	79	17	21.8028043898	0.2000507070
2500	11544	15	99	5	57	54	21.9475920157	0.2000375442
2500	11544	13	23	56	3	45	21.9475920157	0.2000516116
2500	11544	90	78	71	89	20	21.9475920157	0.2000267089
2500	11544	55	16	65	36	63	21.9475920157	0.2000687237
2500	11544	78	38	58	4	57	21.9475920157	0.2000901651
2500	11544	67	2	28	73	12	21.9475920157	0.2000934424
2500	11544	77	47	81	72	27	21.9475920157	0.2001435633
2500	11544	75	95	10	88	18	21.9475920157	0.2000837437
2500	11544	48	92	81	78	16	21.9475920157	0.2000603335
2500	11544	51	48	88	77	18	21.9475920157	0.2000586884
2500	14376	15	99	5	58	54	21.8732224416	0.2000403104
2500	14376	13	22	55	3	43	21.8732224416	0.2000220409
2500	14376	90	79	69	91	21	21.8732224416	0.2000574052
2500	14376	55	16	66	34	62	21.8732224416	0.2000670882
2500	14376	78	37	58	5	59	21.8732224416	0.2000219813
2500	14376	67	3	26	73	10	21.8732224416	0.2000322238
2500	14376	77	50	84	79	25	21.8732224416	0.2000709914
2500	14376	75	95	9	87	17	21.8732224416	0.2001656547
2500	14376	48	93	81	79	15	21.8732224416	0.2000390259
2500	14376	51	46	89	78	16	21.8732224416	0.2000420937
3000	3590	15	99	5	58	55	24.4479919970	0.2000893614
3000	3590	13	20	54	2	41	24.4479919970	0.2000075698
3000	3590	90	77	69	89	21	24.4479919970	0.2000366174
3000	3590	55	17	63	33	59	24.4479919970	0.2000738747
3000	3590	78	39	59	5	58	24.4479919970	0.2000459377
3000	3590	67	3	25	69	10	24.4479919970	0.2000642311
3000	3590	77	49	83	78	27	24.4479919970	0.2000686988
3000	3590	75	94	10	84	16	24.4479919970	0.2000264980
3000	3590	48	92	80	78	17	24.4479919970	0.2000156300
3000	3590	51	53	89	79	17	24.4479919970	0.2000422554
3000	7170	15	99	4	57	54	24.4692218974	0.2001536618
3000	7170	13	20	55	2	44	24.4692218974	0.2000265831
3000	7170	90	77	70	89	21	24.4692218974	0.2001047191
3000	7170	55	16	64	31	60	24.4692218974	0.2000968027
3000	7170	78	37	57	4	55	24.4692218974	0.2001454309
3000	7170	67	3	23	70	9	24.4692218974	0.2000129242
3000	7170	77	50	82	76	27	24.4692218974	0.2000373103
3000	7170	75	95	10	86	17	24.4692218974	0.2000501721
3000	7170	48	92	82	80	17	24.4692218974	0.2000798792
3000	7170	51	48	89	78	18	24.4692218974	0.2000328571
3000	10752	15	99	5	59	56	24.4633146936	0.2000328005
3000	10752	13	23	55	2	44	24.4633146936	0.2000192162
3000	10752	90	77	70	89	22	24.4633146936	0.2000763224
3000	10752	55	16	65	35	61	24.4633146936	0.2000484524
3000	10752	78	38	57	5	58	24.4633146936	0.2000464413
3000	10752	67	3	27	69	12	24.4633146936	0.2001429435
3000	10752	77	49	82	80	28	24.4633146936	0.2000395936
3000	10752	75	95	10	89	18	24.4633146936	0.2000963342
3000	10752	48	92	83	80	17	24.4633146936	0.2000668252
3000	10752	51	49	89	80	19	24.4633146936	0.2000391450
3000	14305	15	99	5	59	54	24.4743657093	0.2000391714
3000	14305	13	20	53	2	42	24.4743657093	0.2000285148
3000	14305	90	81	70	89	22	24.4743657093	0.2000229799
3000	14305	55	16	65	35	63	24.4743657093	0.2000814656
3000	14305	78	37	59	5	57	24.4743657093	0.2000140181
3000	14305	67	3	24	70	10	24.4743657093	0.2000090765
3000	14305	77	51	82	78	26	24.4743657093	0.2000510279
3000	14305	75	95	10	87	15	24.4743657093	0.2001340567
3000	14305	48	92	83	80	17	24.4743657093	0.2000354550
3000	14305	51	47	89	79	18	24.4743657093	0.2000154683
3000	17835	15	98	4	59	56	24.4935106895	0.2000720054
3000	17835	13	21	53	2	44	24.4935106895	0.2000375244
3000	17835	90	76	68	88	21	24.4935106895	0.2000589366
3000	17835	55	16	65	33	60	24.4935106895	0.2000417747
3000	17835	78	38	55	5	54	24.4935106895	0.2000833247
3000	17835	67	3	26	71	11	24.4935106895	0.2000090446
3000	17835	77	51	83	75	27	24.4935106895	0.2001114363
3000	17835	75	94	10	87	19	24.4935106895	0.2001469792
3000	17835	48	93	81	79	16	24.4935106895	0.2000313054
3000	17835	51	48	90	77	19	24.4935106895	0.2000924375
3500	4295	15	99	4	57	52	27.1065949643	0.2000299264
3500	4295	13	19	49	2	39	27.1065949643	0.2000440196
3500	4295	90	78	71	91	22	27.1065949643	0.2000488390
3500	4295	55	17	63	33	58	27.1065949643	0.2000523214
3500	4295	78	39	58	4	56	27.1065949643	0.2000128101
3500	4295	67	3	25	70	10	27.1065949643	0.2000193592
3500	4295	77	51	82	75	28	27.1065949643	0.2000193540
3500	4295	75	94	10	85	16	27.1065949643	0.2000179997
3500	4295	48	92	81	80	18	27.1065949643	0.2000733886
3500	4295	51	49	89	80	20	27.1065949643	0.2000431534
3500	8608	15	99	4	58	55	27.1835599238	0.2000731724
3500	8608	13	20	55	2	44	27.1835599238	0.2000283047
3500	8608	90	78	71	89	22	27.1835599238	0.2000496200
3500	8608	55	16	64	33	61	27.1835599238	0.2000316361
3500	8608	78	39	59	6	57	27.1835599238	0.2000558980
3500	8608	67	3	24	70	9	27.1835599238	0.2000351832
3500	8608	77	52	82	79	28	27.1835599238	0.2001036315
3500	8608	75	95	11	87	17	27.1835599238	0.2000215852
3500	8608	48	92	83	81	17	27.1835599238	0.2000521899
3500	8608	51	49	89	80	20	27.1835599238	0.2000763714
3500	12914	15	99	4	58	54	27.2698969668	0.2000740073
3500	12914	13	21	54	2	41	27.2698969668	0.2000868736
3500	12914	90	81	72	89	23	27.2698969668	0.2000619620
3500	12914	55	17	63	34	57	27.2698969668	0.2000153111
3500	12914	78	38	57	5	55	27.2698969668	0.2000342438
3500	12914	67	3	26	71	11	27.2698969668	0.2000431022
3500	12914	77	50	82	81	28	27.2698969668	0.2000866554
3500	12914	75	95	10	87	15	27.2698969668	0.2000617841
3500	12914	48	92	84	81	18	27.2698969668	0.2000654770
3500	12914	51	48	88	78	20	27.2698969668	0.2000474323
3500	17167	15	99	4	57	54	27.1622208801	0.2000519575
3500	17167	13	20	51	2	41	27.1622208801	0.2000495898
3500	17167	90	77	70	89	22	27.1622208801	0.2000316942
3500	17167	55	17	63	34	58	27.1622208801	0.2001120666
3500	17167	78	40	55	4	54	27.1622208801	0.2000227960
3500	17167	67	3	24	70	9	27.1622208801	0.2000220705
3500	17167	77	52	82	74	28	27.1622208801	0.2000852094
3500	17167	75	95	10	86	17	27.1622208801	0.2000246864
3500	17167	48	92	80	79	17	27.1622208801	0.2000248281
3500	17167	51	47	89	78	19	27.1622208801	0.2000378781
3500	21518	15	99	5	60	53	27.2386744073	0.2000665081
3500	21518	13	20	52	2	41	27.2386744073	0.2000400877
3500	21518	90	79	72	91	21	27.2386744073	0.2000668831
3500	21518	55	16	64	35	62	27.2386744073	0.2001059670
3500	21518	78	40	60	5	56	27.2386744073	0.2000183121
3500	21518	67	3	27	73	11	27.2386744073	0.2000196795
3500	21518	77	52	82	78	28	27.2386744073	0.2000710280
3500	21518	75	95	10	88	15	27.2386744073	0.2001631820
3500	21518	48	92	80	79	18	27.2386744073	0.2001604371
3500	21518	51	52	89	80	19	27.2386744073	0.2000339621
4000	5116	15	99	4	57	52	29.9666479561	0.2000583483
4000	5116	13	18	48	2	37	29.9666479561	0.2000416765
4000	5116	90	78	72	91	22	29.9666479561	0.2000433295
4000	5116	55	17	62	32	58	29.9666479561	0.2000187648
4000	5116	78	39	58	5	56	29.9666479561	0.2000125379
4000	5116	67	3	24	68	10	29.9666479561	0.2000112379
4000	5116	77	51	81	78	29	29.9666479561	0.2000178057
4000	5116	75	94	10	85	14	29.9666479561	0.2000735417
4000	5116	48	92	82	80	18	29.9666479561	0.2000094571
4000	5116	51	49	88	80	20	29.9666479561	0.2000175612
4000	10263	15	99	4	57	53	29.9538896111	0.2000251063
4000	10263	13	20	53	2	42	29.9538896111	0.2000106927
4000	10263	90	79	72	91	22	29.9538896111	0.2000262131
4000	10263	55	16	63	33	57	29.9538896111	0.2000805067
4000	10263	78	39	58	5	59	29.9538896111	0.2001072892
4000	10263	67	3	24	69	9	29.9538896111	0.2000184472
4000	10263	77	52	82	80	28	29.9538896111	0.2000811138
4000	10263	75	94	10	86	17	29.9538896111	0.2000124824
4000	10263	48	92	84	79	18	29.9538896111	0.2001811007
4000	10263	51	49	89	80	19	29.9538896111	0.2001309104
4000	15326	15	99	4	59	54	30.0838712078	0.2000337963
4000	15326	13	19	50	2	40	30.0838712078	0.2000897884
4000	15326	90	82	73	91	23	30.0838712078	0.2000199899
4000	15326	55	17	62	33	60	30.0838712078	0.2000509818
4000	15326	78	39	57	5	55	30.0838712078	0.2000118005
4000	15326	67	3	23	69	10	30.0838712078	0.2000419856
4000	15326	77	53	81	75	29	30.0838712078	0.2001108912
4000	15326	75	94	10	87	15	30.0838712078	0.2000917142
4000	15326	48	92	84	83	17	30.0838712078	0.2000453897
4000	15326	51	47	88	81	20	30.0838712078	0.2000696906
4000	20472	15	99	4	59	54	30.0749073725	0.2000179833
4000	20472	13	19	49	2	38	30.0749073725	0.2000225973
4000	20472	90	79	72	91	22	30.0749073725	0.2001211454
4000	20472	55	16	63	34	59	30.0749073725	0.2000319906
4000	20472	78	40	58	5	57	30.0749073725	0.2000272188
4000	20472	67	3	27	72	11	30.0749073725	0.2000322441
4000	20472	77	53	83	79	30	30.0749073725	0.2000448713
4000	20472	75	94	10	88	16	30.0749073725	0.2001112552
4000	20472	48	93	81	80	18	30.0749073725	0.2001128655
4000	20472	51	47	89	81	20	30.0749073725	0.2000114193
4000	25624	15	99	4	58	53	29.9937711372	0.2000539417
4000	25624	13	16	49	2	39	29.9937711372	0.2000125524
4000	25624	90	79	73	91	21	29.9937711372	0.2000680810
4000	25624	55	17	61	32	57	29.9937711372	0.2000059837
4000	25624	78	39	57	4	54	29.9937711372	0.2001395959
4000	25624	67	3	24	71	9	29.9937711372	0.2000615343
4000	25624	77	50	82	79	29	29.9937711372	0.2000802062
4000	25624	75	94	9	88	15	29.9937711372	0.2000587053
4000	25624	48	92	84	82	18	29.9937711372	0.2000195990
4000	25624	51	49	89	80	20	29.9937711372	0.2000130894
4500	5950	15	99	4	58	54	32.8211330622	0.2000440926
4500	5950	13	17	48	2	37	32.8211330622	0.2000367577
4500	5950	90	79	73	91	23	32.8211330622	0.2000112938
4500	5950	55	17	62	32	58	32.8211330622	0.2000212977
4500	5950	78	40	56	5	54	32.8211330622	0.2000132831
4500	5950	67	3	24	68	10	32.8211330622	0.2000050466
4500	5950	77	52	82	76	29	32.8211330622	0.2000202216
4500	5950	75	94	10	85	14	32.8211330622	0.2000817660
4500	5950	48	92	83	81	18	32.8211330622	0.2000465029
4500	5950	51	50	88	80	21	32.8211330622	0.2000208591
4500	11932	15	99	4	57	52	33.0323463347	0.2000656041
4500	11932	13	19	52	2	39	33.0323463347	0.2000372532
4500	11932	90	80	72	91	24	33.0323463347	0.2001589176
4500	11932	55	17	62	33	57	33.0323463347	0.2000563366
4500	11932	78	40	56	5	57	33.0323463347	0.2001060217
4500	11932	67	3	24	70	9	33.0323463347	0.2000147206
4500	11932	77	51	80	76	29	33.0323463347	0.2000620532
4500	11932	75	95	10	88	16	33.0323463347	0.2000364364
4500	11932	48	92	84	81	18	33.0323463347	0.2000974077
4500	11932	51	49	88	80	22	33.0323463347	0.2000515816
4500	17814	15	99	4	58	53	33.0429956331	0.2000834992
4500	17814	13	19	49	2	38	33.0429956331	0.2000437309
4500	17814	90	80	72	91	23	33.0429956331	0.2000218234
4500	17814	55	17	62	34	58	33.0429956331	0.2000372421
4500	17814	78	40	55	5	53	33.0429956331	0.2000285459
4500	17814	67	3	24	70	10	33.0429956331	0.2000712697
4500	17814	77	55	82	78	29	33.0429956331	0.2000458688
4500	17814	75	94	11	87	14	33.0429956331	0.2001012163
4500	17814	48	92	82	81	18	33.0429956331	0.2000203181
4500	17814	51	47	88	81	20	33.0429956331	0.2000625846
4500	23796	15	99	4	60	53	32.9618183945	0.2000506030
4500	23796	13	18	48	2	38	32.9618183945	0.2000266366
4500	23796	90	79	73	91	21	32.9618183945	0.2000920447
4500	23796	55	17	63	36	59	32.9618183945	0.2000096421
4500	23796	78	42	58	5	56	32.9618183945	0.2000088214
4500	23796	67	3	26	71	11	32.9618183945	0.2000185947
4500	23796	77	51	81	78	29	32.9618183945	0.2000335030
4500	23796	75	95	10	87	15	32.9618183945	0.2000904541
4500	23796	48	92	82	81	18	32.9618183945	0.2000355918
4500	23796	51	49	88	79	19	32.9618183945	0.2000227579
4500	29762	15	99	4	58	54	32.8872664490	0.2000095282
4500	29762	13	16	50	2	40	32.8872664490	0.2000708717
4500	29762	90	81	73	91	23	32.8872664490	0.2000675456
4500	29762	55	18	61	33	58	32.8872664490	0.2000346874
4500	29762	78	41	58	5	54	32.8872664490	0.2000253304
4500	29762	67	3	23	69	9	32.8872664490	0.2000257333
4500	29762	77	50	81	79	30	32.8872664490	0.2000044573
4500	29762	75	95	11	87	14	32.8872664490	0.2000228064
4500	29762	48	92	83	82	19	32.8872664490	0.2000296258
4500	29762	51	52	89	80	21	32.8872664490	0.2000209149
5000	6849	15	99	4	58	53	35.9590286239	0.2000759850
5000	6849	13	16	48	2	37	35.9590286239	0.2000325348
5000	6849	90	80	72	89	23	35.9590286239	0.2000429086
5000	6849	55	18	61	33	57	35.9590286239	0.2000176291
5000	6849	78	40	56	5	54	35.9590286239	0.2000388622
5000	6849	67	3	23	69	9	35.9590286239	0.2000407739
5000	6849	77	52	81	79	29	35.9590286239	0.2000242552
5000	6849	75	94	10	86	14	35.9590286239	0.2000477155
5000	6849	48	92	83	82	19	35.9590286239	0.2000264602
5000	6849	51	49	88	82	21	35.9590286239	0.2000235318
5000	13736	15	99	4	59	54	36.1351938517	0.2000426639
5000	13736	13	18	51	2	40	36.1351938517	0.2000070829
5000	13736	90	82	74	91	23	36.1351938517	0.2000599583
5000	13736	55	18	63	34	58	36.1351938517	0.2000105997
5000	13736	78	40	56	5	54	36.1351938517	0.2000552461
5000	13736	67	3	24	69	10	36.1351938517	0.2000235165
5000	13736	77	53	81	78	29	36.1351938517	0.2000403620
5000	13736	75	94	10	87	15	36.1351938517	0.2000604995
5000	13736	48	92	85	83	19	36.1351938517	0.2000550585
5000	13736	51	49	88	80	22	36.1351938517	0.2000260570
5000	20683	15	99	4	59	54	36.0696286335	0.2000101002
5000	20683	13	17	48	2	40	36.0696286335	0.2000254350
5000	20683	90	79	72	91	22	36.0696286335	0.2000736306
5000	20683	55	17	61	34	58	36.0696286335	0.2000215359
5000	20683	78	42	58	5	55	36.0696286335	0.2000207969
5000	20683	67	3	26	71	10	36.0696286335	0.2000272074
5000	20683	77	54	82	78	30	36.0696286335	0.2000287933
5000	20683	75	94	10	88	16	36.0696286335	0.2000753362
5000	20683	48	92	82	81	18	36.0696286335	0.2000250271
5000	20683	51	49	88	83	19	36.0696286335	0.2000063060
5000	27645	15	99	4	58	53	36.0622319220	0.2000304182
5000	27645	13	16	49	2	39	36.0622319220	0.2000363917
5000	27645	90	81	73	91	23	36.0622319220	0.2000143135
5000	27645	55	18	60	32	56	36.0622319220	0.2000544630
5000	27645	78	41	57	5	54	36.0622319220	0.2000961023
5000	27645	67	3	23	69	9	36.0622319220	0.2000274586
5000	27645	77	52	81	79	31	36.0622319220	0.2000180973
5000	27645	75	95	10	88	14	36.0622319220	0.2000394186
5000	27645	48	92	84	83	18	36.0622319220	0.2000136261
5000	27645	51	49	88	81	21	36.0622319220	0.2000111606
5000	34488	15	99	4	60	54	35.8608072618	0.2000580920
5000	34488	13	17	49	2	38	35.8608072618	0.2000251644
5000	34488	90	81	73	91	23	35.8608072618	0.2001017526
5000	34488	55	18	60	33	57	35.8608072618	0.2000123395
5000	34488	78	42	57	5	54	35.8608072618	0.2000126889
5000	34488	67	3	23	68	9	35.8608072618	0.2001070627
5000	34488	77	51	80	79	29	35.8608072618	0.2000433504
5000	34488	75	95	11	87	15	35.8608072618	0.2000607757
5000	34488	48	92	84	82	18	35.8608072618	0.2000732827
5000	34488	51	48	88	79	21	35.8608072618	0.2000614408
5500	7894	15	99	4	58	54	39.2150069354	0.2000321684
5500	7894	13	16	48	2	37	39.2150069354	0.2000299917
5500	7894	90	81	74	91	24	39.2150069354	0.2000319681
5500	7894	55	18	60	33	57	39.2150069354	0.2000023989
5500	7894	78	42	57	5	56	39.2150069354	0.2000470601
5500	7894	67	3	23	68	9	39.2150069354	0.2000508387
5500	7894	77	53	81	80	31	39.2150069354	0.2001126678
5500	7894	75	95	11	87	15	39.2150069354	0.2000267860
5500	7894	48	92	84	81	19	39.2150069354	0.2000671493
5500	7894	51	49	88	82	21	39.2150069354	0.2000256136
5500	15840	15	99	4	58	54	39.2377734821	0.2000304415
5500	15840	13	17	48	2	38	39.2377734821	0.2000058598
5500	15840	90	82	74	91	23	39.2377734821	0.2000198573
5500	15840	55	18	63	34	58	39.2377734821	0.2000096828
5500	15840	78	41	56	5	54	39.2377734821	0.2001575399
5500	15840	67	3	23	68	9	39.2377734821	0.2000760002
5500	15840	77	53	81	78	30	39.2377734821	0.2000479969
5500	15840	75	94	10	87	15	39.2377734821	0.2000398791
5500	15840	48	92	84	83	18	39.2377734821	0.2000191393
5500	15840	51	49	88	81	21	39.2377734821	0.2000154322
5500	23887	15	99	4	59	54	39.2940980817	0.2000478139
5500	23887	13	16	47	2	37	39.2940980817	0.2000247423
5500	23887	90	81	74	91	23	39.2940980817	0.2000174843
5500	23887	55	17	61	33	57	39.2940980817	0.2000083741
5500	23887	78	42	58	5	56	39.2940980817	0.2000090111
5500	23887	67	3	26	71	11	39.2940980817	0.2000347806
5500	23887	77	53	81	78	31	39.2940980817	0.2000429713
5500	23887	75	94	10	88	15	39.2940980817	0.2000417323
5500	23887	48	92	82	81	19	39.2940980817	0.2000549756
5500	23887	51	48	88	81	21	39.2940980817	0.2000291525
5500	31908	15	99	4	59	55	39.2201768911	0.2000343941
5500	31908	13	15	49	2	39	39.2201768911	0.2000423022
5500	31908	90	81	74	91	23	39.2201768911	0.2000264948
5500	31908	55	19	61	34	58	39.2201768911	0.2000311453
5500	31908	78	42	58	5	55	39.2201768911	0.2000302273
5500	31908	67	3	23	69	9	39.2201768911	0.2000237644
5500	31908	77	52	81	80	31	39.2201768911	0.2000481807
5500	31908	75	95	11	88	14	39.2201768911	0.2000366661
5500	31908	48	91	84	82	19	39.2201768911	0.2000330962
5500	31908	51	49	88	81	22	39.2201768911	0.2000541921
5500	39894	15	99	4	58	54	39.3723443664	0.2000146642
5500	39894	13	16	48	2	39	39.3723443664	0.2000251566
5500	39894	90	81	73	92	23	39.3723443664	0.2000545551
5500	39894	55	17	61	33	58	39.3723443664	0.2000177906
5500	39894	78	43	59	5	54	39.3723443664	0.2000192719
5500	39894	67	3	25	70	10	39.3723443664	0.2000366646
5500	39894	77	53	81	79	30	39.3723443664	0.2000812722
5500	39894	75	95	10	87	14	39.3723443664	0.2000400122
5500	39894	48	91	84	82	19	39.3723443664	0.2000424090
5500	39894	51	48	88	79	20	39.3723443664	0.2000415433
6000	9115	15	99	3	58	53	42.6228223855	0.2000603718
6000	9115	13	16	48	2	38	42.6228223855	0.2000673355
6000	9115	90	82	74	92	24	42.6228223855	0.2000182169
6000	9115	55	18	61	33	57	42.6228223855	0.2000109065
6000	9115	78	42	57	5	56	42.6228223855	0.2000515457
6000	9115	67	3	23	68	9	42.6228223855	0.2000699208
6000	9115	77	53	81	80	31	42.6228223855	0.2000989954
6000	9115	75	94	10	87	14	42.6228223855	0.2000365463
6000	9115	48	92	84	81	19	42.6228223855	0.2000957084
6000	9115	51	49	88	82	21	42.6228223855	0.2000219386
6000	18091	15	99	4	59	53	42.8290807969	0.2000370085
6000	18091	13	16	49	2	39	42.8290807969	0.2000184780
6000	18091	90	82	74	91	23	42.8290807969	0.2000137139
6000	18091	55	18	62	34	57	42.8290807969	0.2000405230
6000	18091	78	42	57	5	54	42.8290807969	0.2000430822
6000	18091	67	3	23	69	10	42.8290807969	0.2000562224
6000	18091	77	54	81	79	31	42.8290807969	0.2000378478
6000	18091	75	94	11	87	14	42.8290807969	0.2000302688
6000	18091	48	92	84	82	18	42.8290807969	0.2000292693
6000	18091	51	48	88	82	21	42.8290807969	0.2000373355
6000	27182	15	99	4	59	54	42.7453871011	0.2000868670
6000	27182	13	15	48	2	38	42.7453871011	0.2000521603
6000	27182	90	82	74	92	23	42.7453871011	0.2000362766
6000	27182	55	18	61	34	57	42.7453871011	0.2000171253
6000	27182	78	42	59	5	54	42.7453871011	0.2000745774
6000	27182	67	3	24	70	9	42.7453871011	0.2000393062
6000	27182	77	53	81	79	31	42.7453871011	0.2000255248
6000	27182	75	95	10	88	14	42.7453871011	0.2000176771
6000	27182	48	92	84	83	19	42.7453871011	0.2000575862
6000	27182	51	49	88	81	21	42.7453871011	0.2000307368
6000	36339	15	99	4	60	54	42.6498508437	0.2000601827
6000	36339	13	16	48	2	38	42.6498508437	0.2000290615
6000	36339	90	82	74	91	23	42.6498508437	0.2000260969
6000	36339	55	18	60	33	57	42.6498508437	0.2000175089
6000	36339	78	42	57	5	54	42.6498508437	0.2000019923
6000	36339	67	3	24	69	9	42.6498508437	0.2000778186
6000	36339	77	52	80	79	31	42.6498508437	0.2000332928
6000	36339	75	95	11	87	14	42.6498508437	0.2000676861
6000	36339	48	92	85	83	18	42.6498508437	0.2000516776
6000	36339	51	48	88	80	21	42.6498508437	0.2000486899
6000	45547	15	99	4	60	53	42.7298437196	0.2000240007
6000	45547	13	15	47	2	37	42.7298437196	0.2000057769
6000	45547	90	82	74	91	24	42.7298437196	0.2000134617
6000	45547	55	18	60	33	57	42.7298437196	0.2000179325
6000	45547	78	43	58	5	54	42.7298437196	0.2001114378
6000	45547	67	3	24	69	9	42.7298437196	0.2000209693
6000	45547	77	54	81	80	31	42.7298437196	0.2000331445
6000	45547	75	94	11	87	14	42.7298437196	0.2000747907
6000	45547	48	92	85	83	18	42.7298437196	0.2000415129
6000	45547	51	48	88	80	21	42.7298437196	0.2000213501
6500	10427	15	99	4	58	53	46.3280665637	0.2000778108
6500	10427	13	16	48	2	38	46.3280665637	0.2000419959
6500	10427	90	82	74	92	24	46.3280665637	0.2000194473
6500	10427	55	18	61	33	57	46.3280665637	0.2000287086
6500	10427	78	41	57	5	55	46.3280665637	0.2000140993
6500	10427	67	3	23	68	9	46.3280665637	0.2000438218
6500	10427	77	53	81	80	31	46.3280665637	0.2000764345
6500	10427	75	94	10	87	14	46.3280665637	0.2000328786
6500	10427	48	92	84	82	19	46.3280665637	0.2001030729
6500	10427	51	49	88	81	21	46.3280665637	0.2000043962
6500	20841	15	99	4	60	54	46.3556748471	0.2000236959
6500	20841	13	17	48	2	39	46.3556748471	0.2000326849
6500	20841	90	82	74	92	23	46.3556748471	0.2000151819
6500	20841	55	18	62	35	58	46.3556748471	0.2000323797
6500	20841	78	43	59	5	55	46.3556748471	0.2000227235
6500	20841	67	3	24	69	10	46.3556748471	0.2000120223
6500	20841	77	54	81	80	31	46.3556748471	0.2000277853
6500	20841	75	94	11	88	15	46.3556748471	0.2000786528
6500	20841	48	92	83	82	18	46.3556748471	0.2000108904
6500	20841	51	49	88	82	20	46.3556748471	0.2000017815
6500	31390	15	99	4	59	54	46.2597213767	0.2000326548
6500	31390	13	15	48	1	37	46.2597213767	0.2000385132
6500	31390	90	82	74	92	23	46.2597213767	0.2000435184
6500	31390	55	18	59	33	58	46.2597213767	0.2000188502
6500	31390	78	41	57	5	54	46.2597213767	0.2000249304
6500	31390	67	3	23	69	9	46.2597213767	0.2000087622
6500	31390	77	53	81	80	32	46.2597213767	0.2000386927
6500	31390	75	95	10	88	13	46.2597213767	0.2000397905
6500	31390	48	92	85	83	18	46.2597213767	0.2000170931
6500	31390	51	48	87	81	21	46.2597213767	0.2000136710
6500	41894	15	99	4	59	55	46.2841718100	0.2000032379
6500	41894	13	15	48	1	39	46.2841718100	0.2000159552
6500	41894	90	81	73	91	23	46.2841718100	0.2000323992
6500	41894	55	18	61	34	57	46.2841718100	0.2000065791
6500	41894	78	43	58	5	54	46.2841718100	0.2000495864
6500	41894	67	3	24	68	10	46.2841718100	0.2000495407
6500	41894	77	53	81	78	31	46.2841718100	0.2000654624
6500	41894	75	95	11	87	14	46.2841718100	0.2000459558
6500	41894	48	91	84	82	19	46.2841718100	0.2000257914
6500	41894	51	48	88	80	21	46.2841718100	0.2000261965
6500	52435	15	99	4	60	53	46.3778539625	0.2000563220
6500	52435	13	15	47	2	36	46.3778539625	0.2000340710
6500	52435	90	82	74	91	23	46.3778539625	0.2000023333
6500	52435	55	17	59	33	57	46.3778539625	0.2000294647
6500	52435	78	42	57	5	52	46.3778539625	0.2000426127
6500	52435	67	3	22	69	9	46.3778539625	0.2000219631
6500	52435	77	55	81	80	31	46.3778539625	0.2000079440
6500	52435	75	94	11	87	14	46.3778539625	0.2000595075
6500	52435	48	92	85	83	19	46.3778539625	0.2000566313
6500	52435	51	50	89	82	20	46.3778539625	0.2000971015
7000	11971	15	99	4	58	53	50.2695964886	0.2000820539
7000	11971	13	15	48	1	38	50.2695964886	0.2000274549
7000	11971	90	82	75	92	24	50.2695964886	0.2000439917
7000	11971	55	18	61	34	57	50.2695964886	0.2000090277
7000	11971	78	43	59	5	55	50.2695964886	0.2000365280
7000	11971	67	3	22	68	9	50.2695964886	0.2000248483
7000	11971	77	53	81	80	32	50.2695964886	0.2000274646
7000	11971	75	95	11	88	15	50.2695964886	0.2000445124
7000	11971	48	91	84	82	19	50.2695964886	0.2000552492
7000	11971	51	48	87	81	22	50.2695964886	0.2000406641
7000	23896	15	99	4	60	54	50.0976939647	0.2000135626
7000	23896	13	16	47	2	37	50.0976939647	0.2000153486
7000	23896	90	82	74	91	23	50.0976939647	0.2000069370
7000	23896	55	18	62	35	58	50.0976939647	0.2000319511
7000	23896	78	42	57	5	54	50.0976939647	0.2000175532
7000	23896	67	3	25	70	10	50.0976939647	0.2000054177
7000	23896	77	55	81	80	33	50.0976939647	0.2000410826
7000	23896	75	94	10	88	15	50.0976939647	0.2000199311
7000	23896	48	92	84	82	19	50.0976939647	0.2000420065
7000	23896	51	48	88	82	21	50.0976939647	0.2000250643
7000	35980	15	99	3	60	53	50.1746248102	0.2000208941
7000	35980	13	15	47	2	37	50.1746248102	0.2000297673
7000	35980	90	81	74	92	23	50.1746248102	0.2000315791
7000	35980	55	18	59	33	58	50.1746248102	0.2000203826
7000	35980	78	42	57	5	53	50.1746248102	0.2000288776
7000	35980	67	3	24	68	9	50.1746248102	0.2000423870
7000	35980	77	54	81	80	32	50.1746248102	0.2000116723
7000	35980	75	95	11	88	15	50.1746248102	0.2000699771
7000	35980	48	92	85	83	18	50.1746248102	0.2000386050
7000	35980	51	50	87	81	21	50.1746248102	0.2000198295
7000	48031	15	99	3	59	54	50.1839663106	0.2000211569
7000	48031	13	15	47	2	36	50.1839663106	0.2000350963
7000	48031	90	83	75	92	24	50.1839663106	0.2000493172
7000	48031	55	18	60	34	57	50.1839663106	0.2000174208
7000	48031	78	44	57	5	53	50.1839663106	0.2000325593
7000	48031	67	3	23	68	9	50.1839663106	0.2000101174
7000	48031	77	55	81	80	32	50.1839663106	0.2000058054
7000	48031	75	95	11	87	14	50.1839663106	0.2000396063
7000	48031	48	91	85	83	18	50.1839663106	0.2000436158
7000	48031	51	49	88	81	22	50.1839663106	0.2000297731
7000	60218	15	99	4	60	54	50.1841343141	0.2000275036
7000	60218	13	15	48	2	37	50.1841343141	0.2000081156
7000	60218	90	83	76	92	23	50.1841343141	0.2000568354
7000	60218	55	18	60	34	57	50.1841343141	0.2000123369
7000	60218	78	43	58	5	55	50.1841343141	0.2000631918
7000	60218	67	4	23	69	10	50.1841343141	0.2000189075
7000	60218	77	55	81	80	32	50.1841343141	0.2000107791
7000	60218	75	95	11	88	15	50.1841343141	0.2000260173
7000	60218	48	92	85	83	19	50.1841343141	0.2000619906
7000	60218	51	49	88	82	21	50.1841343141	0.2000036426
7500	13882	15	99	4	59	53	54.5229901801	0.2000238742
7500	13882	13	15	47	2	38	54.5229901801	0.2000119459
7500	13882	90	82	75	91	24	54.5229901801	0.2000189480
7500	13882	55	18	61	34	57	54.5229901801	0.2000187025
7500	13882	78	43	58	5	55	54.5229901801	0.2000431804
7500	13882	67	4	23	68	9	54.5229901801	0.2000774334
7500	13882	77	54	81	80	32	54.5229901801	0.2000143354
7500	13882	75	95	11	88	14	54.5229901801	0.2000415373
7500	13882	48	92	84	82	18	54.5229901801	0.2000632273
7500	13882	51	48	87	81	22	54.5229901801	0.2000665006
7500	27836	15	99	3	60	54	54.5223236245	0.2000123776
7500	27836	13	15	46	1	37	54.5223236245	0.2000110783
7500	27836	90	83	76	92	24	54.5223236245	0.2000269395
7500	27836	55	18	61	35	57	54.5223236245	0.2000004217
7500	27836	78	43	58	5	54	54.5223236245	0.2000044930
7500	27836	67	3	25	70	9	54.5223236245	0.2000284968
7500	27836	77	54	81	80	32	54.5223236245	0.2000028642
7500	27836	75	95	10	88	14	54.5223236245	0.2000052293
7500	27836	48	92	85	83	20	54.5223236245	0.2000357042
7500	27836	51	48	87	82	21	54.5223236245	0.2000342255
7500	41734	15	99	3	60	54	54.3900735775	0.2000244393
7500	41734	13	15	48	2	37	54.3900735775	0.2000220023
7500	41734	90	82	74	92	23	54.3900735775	0.2000196063
7500	41734	55	18	59	34	57	54.3900735775	0.2000137148
7500	41734	78	44	57	5	54	54.3900735775	0.2000292678
7500	41734	67	3	24	69	10	54.3900735775	0.2000215324
7500	41734	77	53	80	79	31	54.3900735775	0.2000324917
7500	41734	75	95	11	87	14	54.3900735775	0.2000439970
7500	41734	48	91	85	83	18	54.3900735775	0.2000069246
7500	41734	51	49	87	82	21	54.3900735775	0.2000285917
7500	55801	15	99	3	60	54	54.4912751573	0.2000295222
7500	55801	13	15	48	2	38	54.4912751573	0.2000382978
7500	55801	90	82	75	92	24	54.4912751573	0.2000093597
7500	55801	55	17	59	34	57	54.4912751573	0.2000336704
7500	55801	78	43	59	6	55	54.4912751573	0.2000247982
7500	55801	67	3	22	69	8	54.4912751573	0.2000107046
7500	55801	77	55	81	80	31	54.4912751573	0.2000004538
7500	55801	75	95	11	88	14	54.4912751573	0.2000361057
7500	55801	48	91	85	84	18	54.4912751573	0.2000233997
7500	55801	51	48	88	82	21	54.4912751573	0.2000349693
7500	69831	15	99	4	59	53	54.2494305734	0.2000028732
7500	69831	13	15	47	1	38	54.2494305734	0.2000466117
7500	69831	90	83	75	92	23	54.2494305734	0.2000121147
7500	69831	55	18	60	33	57	54.2494305734	0.2000135952
7500	69831	78	44	58	5	54	54.2494305734	0.2000390253
7500	69831	67	3	23	68	9	54.2494305734	0.2000124060
7500	69831	77	54	81	80	31	54.2494305734	0.2000232323
7500	69831	75	94	10	88	14	54.2494305734	0.2000263052
7500	69831	48	92	84	83	19	54.2494305734	0.2000295256
7500	69831	51	48	87	81	22	54.2494305734	0.2000414879
