0.0000000000	0.0000000000
0.0000000000	0.9901800327
0.0000000000	0.9901800327
0.0000000000	0.9901800327
0.0000000000	0.9901800327
0.0000000000	0.9901800327
0.0000000000	0.9901800327
0.0000000000	0.9369885434
0.0000000000	0.6800327332
0.0000000000	0.9545454545
0.0000000000	0.9253246753
0.0000000000	0.8814935065
0.0000000000	0.8457792208
0.0000000000	0.7662337662
0.0000000000	0.6071428571
0.0000000000	0.4269480519
0.0000000000	0.2061688312
0.0005624297	0.9901800327
0.0104865772	0.9675324675
0.0109704641	1.0000000000
0.0109704641	1.0000000000
0.0109704641	1.0000000000
0.0109704641	1.0000000000
0.0109704641	1.0000000000
0.0109704641	1.0000000000
0.0109704641	1.0000000000
0.0109704641	0.9752066116
0.0109704641	0.8369146006
0.0239316239	0.9006211180
0.0253093363	0.9901800327
0.0341880342	0.9867494824
0.0547008547	1.0000000000
0.0666666667	1.0000000000
0.0940170940	1.0000000000
0.1589743590	1.0000000000
0.2153846154	1.0000000000
0.3282051282	1.0000000000
0.4290598291	1.0000000000
0.5333333333	1.0000000000
0.7846153846	1.0000000000
1.0000000000	1.0000000000
1.0000000000	1.0000000000
1.0000000000	1.0000000000
1.0000000000	1.0000000000
1.0000000000	1.0000000000
1.0000000000	1.0000000000
1.0000000000	1.0000000000
1.0000000000	1.0000000000
1.0000000000	1.0000000000
1.0000000000	1.0000000000
