0.0000000000	0.0000000000
0.0000000000	0.9832258065
0.0000000000	0.9832258065
0.0000000000	0.9832258065
0.0000000000	0.9832258065
0.0000000000	0.9832258065
0.0000000000	0.9832258065
0.0000000000	0.9832258065
0.0000000000	0.9600000000
0.0000000000	0.6980645161
0.0000000000	0.9873417722
0.0000000000	0.9873417722
0.0000000000	0.9848101266
0.0000000000	0.9569620253
0.0000000000	0.9037974684
0.0000000000	0.8379746835
0.0000000000	0.7240506329
0.0000000000	0.5341772152
0.0000000000	0.2835443038
0.0081632653	0.9832258065
0.0101010101	0.8104304636
0.0102040816	0.9962686567
0.0102040816	0.8955223881
0.0126262626	1.0000000000
0.0126262626	1.0000000000
0.0126262626	1.0000000000
0.0126262626	0.9900662252
0.0126262626	1.0000000000
0.0126262626	1.0000000000
0.0126262626	1.0000000000
0.0126262626	1.0000000000
0.0127551020	1.0000000000
0.0227272727	1.0000000000
0.0280612245	1.0000000000
0.0765306122	1.0000000000
0.1403061224	1.0000000000
0.2193877551	1.0000000000
0.3469387755	1.0000000000
0.4897959184	1.0000000000
0.7091836735	1.0000000000
1.0000000000	1.0000000000
1.0000000000	1.0000000000
1.0000000000	1.0000000000
1.0000000000	1.0000000000
1.0000000000	1.0000000000
1.0000000000	1.0000000000
1.0000000000	1.0000000000
1.0000000000	1.0000000000
1.0000000000	1.0000000000
1.0000000000	1.0000000000
