0.0000000000	0.0000000000
0.0000000000	0.9914236707
0.0000000000	0.9914236707
0.0000000000	0.9914236707
0.0000000000	0.9914236707
0.0000000000	0.9914236707
0.0000000000	0.9914236707
0.0000000000	0.9914236707
0.0000000000	0.9794168096
0.0000000000	0.6998284734
0.0000000000	0.9840764331
0.0000000000	0.9681528662
0.0000000000	0.9617834395
0.0000000000	0.9331210191
0.0000000000	0.8917197452
0.0000000000	0.7484076433
0.0000000000	0.5318471338
0.0000000000	0.2579617834
0.0016863406	0.9904458599
0.0043620502	0.9914236707
0.0134003350	1.0000000000
0.0134003350	1.0000000000
0.0134003350	1.0000000000
0.0134003350	1.0000000000
0.0134003350	1.0000000000
0.0134003350	1.0000000000
0.0134003350	0.9944629014
0.0134003350	0.8183831672
0.0134003350	1.0000000000
0.0161812298	0.9135180521
0.0194174757	0.9991603694
0.0291262136	1.0000000000
0.0351758794	1.0000000000
0.0388349515	1.0000000000
0.0453074434	1.0000000000
0.0582524272	1.0000000000
0.1165048544	1.0000000000
0.2783171521	1.0000000000
0.4660194175	1.0000000000
0.7475728155	1.0000000000
1.0000000000	1.0000000000
1.0000000000	1.0000000000
1.0000000000	1.0000000000
1.0000000000	1.0000000000
1.0000000000	1.0000000000
1.0000000000	1.0000000000
1.0000000000	1.0000000000
1.0000000000	1.0000000000
1.0000000000	1.0000000000
1.0000000000	1.0000000000
