0.0000000000	0.0000000000
0.0600555335	0.1905341447
0.0751289171	0.2320486815
0.0950416501	0.2765382015
0.1183657279	0.3252197431
0.1420864736	0.3752535497
0.1685838953	0.4201487492
0.1972233241	0.4681541582
0.2222860425	0.5353636085
0.2298294328	0.5240027045
0.2498564044	0.5715710341
0.2656088854	0.5751183232
0.2893452039	0.6219699294
0.3284032165	0.6630101258
0.3670304423	0.7016722921
0.4059448593	0.7381098496
0.4487363584	0.7686406873
0.4885123492	0.7998619208
0.5280011488	0.8278613071
0.5366748166	0.8447517285
0.5680643308	0.8519484504
0.5706601467	0.8670647392
0.6085574572	0.8898805783
0.6398533007	0.9078566939
0.6750611247	0.9234443746
0.7031784841	0.9345065996
0.7342298289	0.9450031427
0.7647921760	0.9537397863
0.7701149425	0.9633971027
0.7885085575	0.9602765556
0.7993730408	0.9698661948
0.8127139364	0.9675675676
0.8265412748	0.9750082937
0.8463949843	0.9791551476
0.8594566353	0.9829702532
0.8777429467	0.9857901139
0.8970741902	0.9882229349
0.9127481714	0.9906557558
0.9278996865	0.9920933319
0.9404388715	0.9933650337
1.0000000000	1.0000000000
1.0000000000	1.0000000000
1.0000000000	1.0000000000
1.0000000000	1.0000000000
1.0000000000	1.0000000000
1.0000000000	1.0000000000
1.0000000000	1.0000000000
1.0000000000	1.0000000000
1.0000000000	1.0000000000
1.0000000000	1.0000000000
