0.0000000000	0.0000000000
0.0000000000	0.8225214198
0.0000000000	0.9906716418
0.0000000000	0.9906716418
0.0000000000	0.9900497512
0.0000000000	0.9856965174
0.0000000000	0.9689054726
0.0000000000	0.8756218905
0.0000000000	0.6710199005
0.0000000000	0.7881040892
0.0000000000	0.7311028501
0.0000000000	0.6579925651
0.0000000000	0.5650557621
0.0000000000	0.4708798017
0.0000000000	0.3283767038
0.0000000000	0.1809169765
0.0004180602	0.9906716418
0.0043845913	0.8389095415
0.0071070234	0.9906716418
0.0077469335	1.0000000000
0.0077469335	1.0000000000
0.0077469335	1.0000000000
0.0077469335	1.0000000000
0.0077469335	0.9971440228
0.0077469335	0.9526723786
0.0135571336	1.0000000000
0.0290510006	1.0000000000
0.0303789540	0.8822800496
0.0355731225	0.8910829991
0.0602006689	0.9906716418
0.0645586298	0.9691453255
0.0988142292	0.9990743598
0.1207230471	1.0000000000
0.1370223979	1.0000000000
0.1857707510	1.0000000000
0.2687747036	1.0000000000
0.3689064559	1.0000000000
0.5019762846	1.0000000000
0.6706192358	1.0000000000
0.8155467721	1.0000000000
1.0000000000	1.0000000000
1.0000000000	1.0000000000
1.0000000000	1.0000000000
1.0000000000	1.0000000000
1.0000000000	1.0000000000
1.0000000000	1.0000000000
1.0000000000	1.0000000000
1.0000000000	1.0000000000
1.0000000000	1.0000000000
1.0000000000	1.0000000000
