0.0000000000	0.0000000000
0.0000000000	0.8445424476
0.0000000000	0.9890756303
0.0000000000	0.9890756303
0.0000000000	0.9890756303
0.0000000000	0.9890756303
0.0000000000	0.9890756303
0.0000000000	0.9882352941
0.0000000000	0.9705882353
0.0000000000	0.9151260504
0.0000000000	0.7151260504
0.0000000000	0.9504950495
0.0000000000	0.9273927393
0.0000000000	0.8679867987
0.0000000000	0.7937293729
0.0000000000	0.6815181518
0.0000000000	0.5247524752
0.0000000000	0.3283828383
0.0000000000	0.1485148515
0.0075885329	1.0000000000
0.0075885329	0.9955898567
0.0075885329	0.9707828004
0.0075885329	1.0000000000
0.0075885329	1.0000000000
0.0075885329	1.0000000000
0.0075885329	1.0000000000
0.0109612142	1.0000000000
0.0116959064	0.9669966997
0.0331491713	0.9890756303
0.0351758794	0.9076154806
0.0469011725	0.9833541407
0.0636515913	0.9962546816
0.0708263069	1.0000000000
0.0837520938	1.0000000000
0.1356783920	1.0000000000
0.2177554439	1.0000000000
0.3283082077	1.0000000000
0.4606365159	1.0000000000
0.6415410385	1.0000000000
0.8123953099	1.0000000000
1.0000000000	1.0000000000
1.0000000000	1.0000000000
1.0000000000	1.0000000000
1.0000000000	1.0000000000
1.0000000000	1.0000000000
1.0000000000	1.0000000000
1.0000000000	1.0000000000
1.0000000000	1.0000000000
1.0000000000	1.0000000000
1.0000000000	1.0000000000
