0.0000000000	0.0000000000
0.0031152648	0.9797468354
0.0031152648	0.9797468354
0.0031152648	0.9696202532
0.0031152648	0.9417721519
0.0031152648	0.8759493671
0.0031152648	0.7746835443
0.0031152648	0.6202531646
0.0031152648	0.4075949367
0.0040816327	0.9974193548
0.0040816327	0.9974193548
0.0040816327	0.9974193548
0.0040816327	0.9974193548
0.0040816327	0.9974193548
0.0040816327	0.9974193548
0.0040816327	0.9496774194
0.0040816327	0.7032258065
0.0063131313	0.9933774834
0.0063131313	0.9933774834
0.0063131313	0.9933774834
0.0063131313	0.9933774834
0.0063131313	0.9933774834
0.0063131313	0.9933774834
0.0063131313	0.9652317881
0.0063131313	0.8145695364
0.0065306122	0.9974193548
0.0088383838	0.9933774834
0.0124610592	0.9898734177
0.0153061224	0.8961442786
0.0229591837	0.9856965174
0.0306122449	0.9975124378
0.0367346939	1.0000000000
0.0408163265	0.9975124378
0.0561224490	0.9975124378
0.0568181818	1.0000000000
0.1045918367	0.9975124378
0.1709183673	0.9975124378
0.2551020408	0.9975124378
0.3520408163	0.9975124378
0.5382653061	1.0000000000
1.0000000000	1.0000000000
1.0000000000	1.0000000000
1.0000000000	1.0000000000
1.0000000000	1.0000000000
1.0000000000	1.0000000000
1.0000000000	1.0000000000
1.0000000000	1.0000000000
1.0000000000	1.0000000000
1.0000000000	1.0000000000
1.0000000000	1.0000000000
