0.0000000000	0.0000000000
0.0000000000	0.9151973132
0.0000000000	0.9856035437
0.0000000000	0.8250276855
0.0000000000	0.9828473413
0.0000000000	0.7066895369
0.0000000000	0.9745222930
0.0000000000	0.9681528662
0.0000000000	0.9522292994
0.0000000000	0.9044585987
0.0000000000	0.8375796178
0.0000000000	0.7229299363
0.0000000000	0.5859872611
0.0000000000	0.2707006369
0.0016863406	0.9968152866
0.0032362460	0.9974811083
0.0065430752	1.0000000000
0.0161812298	1.0000000000
0.0226537217	1.0000000000
0.0234505863	1.0000000000
0.0291262136	1.0000000000
0.0517799353	1.0000000000
0.1262135922	1.0000000000
0.2880258900	1.0000000000
0.4336569579	1.0000000000
0.6860841424	1.0000000000
1.0000000000	1.0000000000
1.0000000000	1.0000000000
1.0000000000	1.0000000000
1.0000000000	1.0000000000
1.0000000000	1.0000000000
1.0000000000	1.0000000000
1.0000000000	1.0000000000
1.0000000000	1.0000000000
1.0000000000	1.0000000000
1.0000000000	1.0000000000
1.0000000000	1.0000000000
1.0000000000	1.0000000000
1.0000000000	1.0000000000
1.0000000000	1.0000000000
1.0000000000	1.0000000000
1.0000000000	1.0000000000
1.0000000000	1.0000000000
1.0000000000	1.0000000000
1.0000000000	1.0000000000
1.0000000000	1.0000000000
1.0000000000	1.0000000000
1.0000000000	1.0000000000
1.0000000000	1.0000000000
1.0000000000	1.0000000000
