0.0000000000	0.0000000000
0.0014577259	0.0909849750
0.0022907122	0.1761268781
0.0022907122	0.2570951586
0.0029154519	0.3397328881
0.0029154519	0.4040066778
0.0030564046	0.4748021658
0.0033342595	0.5818408996
0.0037484382	0.4674457429
0.0044456794	0.6659725115
0.0044456794	0.7271970012
0.0044456794	0.7084548105
0.0052792442	0.7367763432
0.0074968763	0.5242070117
0.0091692137	0.7430237401
0.0185339442	0.5676126878
0.0297304807	0.7592669721
0.0397750937	0.6051752922
0.0547374271	0.7638483965
0.1060100167	0.7341842397
0.1111419839	0.7859225323
0.1427378965	0.8301886792
0.1949081803	0.9209211987
0.2099332220	0.9633740289
0.2199499165	0.9805771365
0.2253756260	0.9830743618
0.2441569282	0.9958379578
0.2696160267	0.9963928968
0.3276293823	0.9969478357
0.3481171548	0.9146722164
0.3841004184	0.9556711759
0.4077629382	0.9975027747
0.4309623431	0.9775234131
0.4719665272	0.9918834547
0.5297071130	0.9962539022
0.5916317992	0.9972944849
0.6619246862	0.9975026015
0.7330543933	0.9975026015
0.8267782427	0.9975026015
0.8979079498	0.9983350676
1.0000000000	1.0000000000
1.0000000000	1.0000000000
1.0000000000	1.0000000000
1.0000000000	1.0000000000
1.0000000000	1.0000000000
1.0000000000	1.0000000000
1.0000000000	1.0000000000
1.0000000000	1.0000000000
1.0000000000	1.0000000000
1.0000000000	1.0000000000
