0.0000000000	0.0000000000
0.0539482097	0.1866987179
0.0727301790	0.2291666667
0.0905530691	0.2759081197
0.1147698210	0.3203792735
0.1402653453	0.3716613248
0.1699968031	0.4217414530
0.2046835038	0.4722222222
0.2274758541	0.5357881038
0.2390505115	0.5299145299
0.2555859882	0.5742938069
0.2722985934	0.5806623932
0.2910480035	0.6233636990
0.3298255730	0.6640128608
0.3722070059	0.7039730537
0.4143001297	0.7450815280
0.4530776993	0.7765444385
0.4927201961	0.8070121718
0.5339483927	0.8374799051
0.5486512524	0.8490661282
0.5708519533	0.8589144913
0.5773121387	0.8678697627
0.6110308285	0.8888818778
0.6425818882	0.9039626451
0.6734104046	0.9162670369
0.7008670520	0.9290762241
0.7278420039	0.9393614336
0.7521676301	0.9469333670
0.7587448560	0.9580748782
0.7801059730	0.9548207976
0.7839506173	0.9648316349
0.8014403292	0.9703699601
0.8078034682	0.9623296315
0.8261316872	0.9755206026
0.8456790123	0.9794528135
0.8703703704	0.9828865751
0.8899176955	0.9860434205
0.9084362140	0.9882033673
0.9202674897	0.9908617634
0.9336419753	0.9924124945
1.0000000000	1.0000000000
1.0000000000	1.0000000000
1.0000000000	1.0000000000
1.0000000000	1.0000000000
1.0000000000	1.0000000000
1.0000000000	1.0000000000
1.0000000000	1.0000000000
1.0000000000	1.0000000000
1.0000000000	1.0000000000
1.0000000000	1.0000000000
