0.0000000000	0.0000000000
0.0000000000	0.8694383662
0.0000000000	0.6980306346
0.0000000000	0.5382395382
0.0023485204	0.9533187454
0.0028182245	0.9759299781
0.0028500178	0.8268398268
0.0028500178	0.7431457431
0.0028500178	0.8701298701
0.0032879286	0.9788475565
0.0032879286	0.9773887673
0.0035625223	0.9076479076
0.0042949177	0.8002853067
0.0046970409	0.9795769511
0.0050107373	0.9148834998
0.0057000356	0.9379509380
0.0078375490	0.9437229437
0.0089243776	0.9803063457
0.0114531138	0.9747979078
0.0128250802	0.9466089466
0.0150322119	0.9885877318
0.0169093471	0.9824945295
0.0178954903	0.9900142653
0.0200429492	0.9904897765
0.0228898426	0.8771867190
0.0279169649	0.9914407989
0.0286123033	0.9632274188
0.0327752048	0.9494949495
0.0357909807	0.9914407989
0.0486409156	0.9896465548
0.0544856740	0.9846827133
0.0551181102	0.9919163100
0.0572246066	0.9967868618
0.0701001431	0.9971438772
0.0972818312	0.9975008925
0.1166785970	0.9938183547
0.1373390558	0.9975008925
0.1888412017	0.9975008925
0.3075822604	0.9975008925
0.5150214592	0.9975008925
1.0000000000	1.0000000000
1.0000000000	1.0000000000
1.0000000000	1.0000000000
1.0000000000	1.0000000000
1.0000000000	1.0000000000
1.0000000000	1.0000000000
1.0000000000	1.0000000000
1.0000000000	1.0000000000
1.0000000000	1.0000000000
1.0000000000	1.0000000000
