500	0	189 0 0 311 1.0000000000
500	1	194 0 0 306 1.0000000000
500	2	210 0 0 290 1.0000000000
500	3	177 0 0 323 1.0000000000
500	4	193 0 0 307 1.0000000000
1000	0	381 0 0 619 1.0000000000
1000	1	396 0 0 604 1.0000000000
1000	2	401 0 0 599 1.0000000000
1000	3	409 0 0 591 1.0000000000
1000	4	379 0 0 621 1.0000000000
1500	0	595 0 0 905 1.0000000000
1500	1	583 0 0 917 1.0000000000
1500	2	599 0 0 901 1.0000000000
1500	3	586 0 0 914 1.0000000000
1500	4	598 0 0 902 1.0000000000
2000	0	775 0 0 1225 1.0000000000
2000	1	801 0 0 1199 1.0000000000
2000	2	796 0 0 1204 1.0000000000
2000	3	778 0 0 1222 1.0000000000
2000	4	803 0 0 1197 1.0000000000
2500	0	974 0 0 1526 1.0000000000
2500	1	991 0 0 1509 1.0000000000
2500	2	991 0 0 1509 1.0000000000
2500	3	1004 0 0 1496 1.0000000000
2500	4	1017 0 0 1483 1.0000000000
3000	0	1177 0 0 1823 1.0000000000
3000	1	1192 0 0 1808 1.0000000000
3000	2	1178 2 12 1808 0.9940928270
3000	3	1198 3 24 1775 0.9888567891
3000	4	1166 6 24 1804 0.9872988992
3500	0	1371 0 0 2129 1.0000000000
3500	1	1387 0 0 2113 1.0000000000
3500	2	1402 0 0 2098 1.0000000000
3500	3	1409 0 3 2088 0.9989365473
3500	4	1428 0 0 2072 1.0000000000
4000	0	1582 0 0 2418 1.0000000000
4000	1	1585 0 2 2413 0.9993694830
4000	2	1619 0 0 2381 1.0000000000
4000	3	1608 0 0 2392 1.0000000000
4000	4	1616 0 0 2384 1.0000000000
4500	0	1777 0 1 2722 0.9997187060
4500	1	1801 0 1 2698 0.9997224535
4500	2	1811 0 9 2680 0.9975213440
4500	3	1831 0 0 2669 1.0000000000
4500	4	1843 0 0 2657 1.0000000000
5000	0	1972 0 7 3021 0.9982282966
5000	1	1987 0 11 3002 0.9972396487
5000	2	1963 0 42 2995 0.9894153226
5000	3	2041 0 18 2941 0.9956097561
5000	4	2006 0 2 2992 0.9995017439
5500	0	2172 0 9 3319 0.9979324604
5500	1	2222 0 4 3274 0.9991007194
5500	2	2160 1 37 3302 0.9912804039
5500	3	2224 0 7 3269 0.9984287318
5500	4	2168 0 21 3311 0.9951801698
6000	0	2347 5 32 3616 0.9921792433
6000	1	2393 2 43 3562 0.9906851584
6000	2	2417 0 54 3529 0.9889525368
6000	3	2320 4 63 3613 0.9857658806
6000	4	2329 0 72 3599 0.9847780127
6500	0	2435 18 153 3894 0.9660781591
6500	1	2425 8 187 3880 0.9613478692
6500	2	2446 8 200 3846 0.9592156863
6500	3	2411 9 165 3915 0.9651721377
6500	4	2376 2 240 3882 0.9515418502
7000	0	2431 47 368 4154 0.9213568315
7000	1	2434 42 365 4159 0.9228436019
7000	2	2468 20 336 4176 0.9327286470
7000	3	2437 61 366 4136 0.9194491605
7000	4	2512 16 294 4178 0.9418822647
7500	0	2210 102 782 4406 0.8333333333
7500	1	2329 74 697 4400 0.8579848959
7500	2	2192 115 815 4378 0.8249905909
7500	3	2142 90 877 4391 0.8158446010
7500	4	2189 139 809 4363 0.8220052572
