0.0000000000	0.0000000000
0.0006293266	0.8116963915
0.0008271299	0.6883691530
0.0009348707	0.5954487990
0.0016542597	0.8394437421
0.0018697414	0.7648546144
0.0018879799	0.9133139776
0.0018879799	0.9601824969
0.0031162356	0.8356510746
0.0034278591	0.8748419722
0.0037394827	0.8811630847
0.0037759597	0.9738697636
0.0041356493	0.9279393173
0.0046743534	0.8925410872
0.0057899090	0.9494310999
0.0070306038	0.9671302149
0.0071673419	0.9013906448
0.0075519194	0.9813355454
0.0081812461	0.9813355454
0.0086848635	0.9677623262
0.0094398993	0.9813355454
0.0099255583	0.9696586599
0.0127064803	0.8748832866
0.0148883375	0.9709228824
0.0157331655	0.9813355454
0.0186974135	0.9102402023
0.0190597205	0.9449112979
0.0343074968	0.9763460940
0.0351530190	0.9721871049
0.0439389218	0.9190897598
0.0495552732	0.9838157485
0.0522341095	0.9821650767
0.0660736976	0.9869281046
0.0723738627	0.9734513274
0.0775095299	0.9869281046
0.0978398983	0.9869281046
0.1120201385	0.9842389050
0.1461245235	0.9875505758
0.2744599746	0.9878618114
0.4561626429	0.9887955182
1.0000000000	1.0000000000
1.0000000000	1.0000000000
1.0000000000	1.0000000000
1.0000000000	1.0000000000
1.0000000000	1.0000000000
1.0000000000	1.0000000000
1.0000000000	1.0000000000
1.0000000000	1.0000000000
1.0000000000	1.0000000000
1.0000000000	1.0000000000
