0.0000000000	0.0000000000
0.0000000000	0.8142576848
0.0000000000	0.9950199203
0.0000000000	0.9950199203
0.0000000000	0.9950199203
0.0000000000	0.9940239044
0.0000000000	0.9890438247
0.0000000000	0.9292828685
0.0000000000	0.6832669323
0.0000000000	0.9389763780
0.0000000000	0.9212598425
0.0000000000	0.9035433071
0.0000000000	0.8641732283
0.0000000000	0.7834645669
0.0000000000	0.6692913386
0.0000000000	0.4409448819
0.0006684492	0.9960159363
0.0021413276	0.8908017708
0.0030120482	0.9606299213
0.0041194645	1.0000000000
0.0041194645	1.0000000000
0.0041194645	0.9980379333
0.0041194645	0.9614126880
0.0041194645	1.0000000000
0.0041194645	1.0000000000
0.0041194645	1.0000000000
0.0064239829	0.9744220364
0.0073529412	0.9960159363
0.0164778579	1.0000000000
0.0190763052	0.9763779528
0.0235546039	0.9965568126
0.0428265525	1.0000000000
0.0434491979	0.9960159363
0.0642398287	1.0000000000
0.0856531049	1.0000000000
0.0906282183	1.0000000000
0.1027837259	1.0000000000
0.1605995717	1.0000000000
0.3126338330	1.0000000000
0.5396145610	1.0000000000
1.0000000000	1.0000000000
1.0000000000	1.0000000000
1.0000000000	1.0000000000
1.0000000000	1.0000000000
1.0000000000	1.0000000000
1.0000000000	1.0000000000
1.0000000000	1.0000000000
1.0000000000	1.0000000000
1.0000000000	1.0000000000
1.0000000000	1.0000000000
