0.0000000000	0.0000000000
0.0117731002	0.1936872310
0.0162326079	0.2388809182
0.0228326793	0.2747489240
0.0242799333	0.3118971061
0.0264222804	0.3408360129
0.0269354263	0.2962697274
0.0316591288	0.3697749196
0.0338922583	0.3271162123
0.0364199000	0.3894247946
0.0367463432	0.3529411765
0.0406707100	0.3658536585
0.0430849798	0.4044301536
0.0499464859	0.3715925395
0.0549869079	0.4197927831
0.0629682483	0.3780487805
0.0666507974	0.4419435513
0.0795048798	0.4551625581
0.1368721733	0.4969632011
0.2406569864	0.5777063237
0.2621951220	0.5911680912
0.3342898135	0.6889838557
0.4117647059	0.7965337132
0.4684361549	0.8710826211
0.4849354376	0.8924501425
0.5254662841	0.9287749288
0.5451936872	0.9506172840
0.5499276411	0.9077963688
0.5571635311	0.9241723033
0.5588235294	0.9529914530
0.5730824891	0.9380562478
0.5832137733	0.9567901235
0.5984081042	0.9473122108
0.6151362984	0.9589268756
0.6230101302	0.9537201851
0.6548480463	0.9595941616
0.6765557164	0.9654681381
0.7047756874	0.9684941260
0.7438494935	0.9741901032
0.8060781476	0.9768600926
1.0000000000	1.0000000000
1.0000000000	1.0000000000
1.0000000000	1.0000000000
1.0000000000	1.0000000000
1.0000000000	1.0000000000
1.0000000000	1.0000000000
1.0000000000	1.0000000000
1.0000000000	1.0000000000
1.0000000000	1.0000000000
1.0000000000	1.0000000000
