0.0000000000	0.0000000000
0.0000000000	0.9980379333
0.0000000000	0.9627207325
0.0000000000	0.8247220405
0.0000000000	0.9990039841
0.0000000000	0.9980079681
0.0000000000	0.9950199203
0.0000000000	0.9282868526
0.0000000000	0.6762948207
0.0000000000	0.9566929134
0.0000000000	0.9409448819
0.0000000000	0.9074803150
0.0000000000	0.8582677165
0.0000000000	0.7992125984
0.0000000000	0.6712598425
0.0000000000	0.4153543307
0.0015060241	0.9704724409
0.0021413276	0.8824397442
0.0042826552	0.9813084112
0.0046791444	1.0000000000
0.0082389289	1.0000000000
0.0107066381	0.9980324643
0.0165662651	0.9881889764
0.0192719486	0.9990162322
0.0334224599	1.0000000000
0.0364025696	1.0000000000
0.0566426365	1.0000000000
0.0599571734	1.0000000000
0.0877944325	1.0000000000
0.2034261242	1.0000000000
0.3747323340	1.0000000000
0.5674518201	1.0000000000
1.0000000000	1.0000000000
1.0000000000	1.0000000000
1.0000000000	1.0000000000
1.0000000000	1.0000000000
1.0000000000	1.0000000000
1.0000000000	1.0000000000
1.0000000000	1.0000000000
1.0000000000	1.0000000000
1.0000000000	1.0000000000
1.0000000000	1.0000000000
1.0000000000	1.0000000000
1.0000000000	1.0000000000
1.0000000000	1.0000000000
1.0000000000	1.0000000000
1.0000000000	1.0000000000
1.0000000000	1.0000000000
1.0000000000	1.0000000000
1.0000000000	1.0000000000
