0.0000000000	0.0000000000
0.0000000000	0.9959636731
0.0000000000	0.9959636731
0.0000000000	0.9959636731
0.0000000000	0.9959636731
0.0000000000	0.9959636731
0.0000000000	0.9959636731
0.0000000000	0.9263370333
0.0000000000	0.7053481332
0.0000000000	0.9540000000
0.0000000000	0.9140000000
0.0000000000	0.8440000000
0.0000000000	0.7180000000
0.0000000000	0.5520000000
0.0000000000	0.3660000000
0.0000000000	0.2000000000
0.0010000000	0.9800000000
0.0019880716	0.9959636731
0.0020060181	1.0000000000
0.0020060181	1.0000000000
0.0020060181	1.0000000000
0.0020060181	1.0000000000
0.0020060181	0.9986693280
0.0020060181	0.9720558882
0.0020060181	0.8429807053
0.0020060181	1.0000000000
0.0070000000	0.9940000000
0.0080240722	1.0000000000
0.0098039216	0.9180904523
0.0137254902	0.9909547739
0.0218687873	0.9959636731
0.0333333333	1.0000000000
0.0471414243	1.0000000000
0.0686274510	1.0000000000
0.1254901961	1.0000000000
0.2019607843	1.0000000000
0.3254901961	1.0000000000
0.4372549020	1.0000000000
0.5901960784	1.0000000000
0.7705882353	1.0000000000
1.0000000000	1.0000000000
1.0000000000	1.0000000000
1.0000000000	1.0000000000
1.0000000000	1.0000000000
1.0000000000	1.0000000000
1.0000000000	1.0000000000
1.0000000000	1.0000000000
1.0000000000	1.0000000000
1.0000000000	1.0000000000
1.0000000000	1.0000000000
