0.0000000000	0.0000000000
0.0000000000	0.9854854855
0.0000000000	0.9834834835
0.0000000000	0.9799799800
0.0000000000	0.9709709710
0.0000000000	0.9444444444
0.0000000000	0.8488488488
0.0000000000	0.6716716717
0.0000000000	0.6101190476
0.0000000000	0.5069444444
0.0000000000	0.4057539683
0.0000000000	0.2857142857
0.0000000000	0.1557539683
0.0002505010	0.7123015873
0.0007515030	0.7916666667
0.0013324450	0.9869869870
0.0075150301	0.8492063492
0.0115346038	0.8429807053
0.0120361083	0.9427811045
0.0120361083	0.9873586161
0.0125376128	0.9973386560
0.0143237841	0.9884884885
0.0145436309	0.9996673320
0.0155466399	1.0000000000
0.0180541625	1.0000000000
0.0245737212	1.0000000000
0.0353206413	0.8908730159
0.0576730191	1.0000000000
0.0759493671	0.9994994995
0.0898876404	0.8930614275
0.1103166496	0.9609549863
0.1481103166	0.9915443919
0.1519558676	1.0000000000
0.1889683350	0.9985078339
0.2431052094	1.0000000000
0.3176710930	1.0000000000
0.4443309499	1.0000000000
0.5771195097	1.0000000000
0.7068437181	1.0000000000
0.8355464760	1.0000000000
1.0000000000	1.0000000000
1.0000000000	1.0000000000
1.0000000000	1.0000000000
1.0000000000	1.0000000000
1.0000000000	1.0000000000
1.0000000000	1.0000000000
1.0000000000	1.0000000000
1.0000000000	1.0000000000
1.0000000000	1.0000000000
1.0000000000	1.0000000000
