0.0000000000	0.0000000000
0.0023832221	0.6711840228
0.0028694405	0.5912921348
0.0038131554	0.8537803138
0.0043041607	0.8230337079
0.0046628407	0.8764044944
0.0060975610	0.8974719101
0.0068149211	0.9030898876
0.0071496663	0.9500713267
0.0086830680	0.7988668555
0.0090562440	0.9557774608
0.0093256815	0.9143258427
0.0104017217	0.9213483146
0.0114394662	0.9593437946
0.0133460439	0.9600570613
0.0157292660	0.9607703281
0.0162059104	0.9636233951
0.0164992826	0.9241573034
0.0195369030	0.9348441926
0.0224312590	0.9787535411
0.0238784370	0.9815864023
0.0251851852	0.8697345133
0.0253256151	0.9820585458
0.0289435601	0.9825306893
0.0290753098	0.9636233951
0.0311143271	0.9839471199
0.0340740741	0.9557522124
0.0347322721	0.9858356941
0.0400000000	0.9907964602
0.0401721664	0.9255617978
0.0444444444	0.9922123894
0.0488888889	0.9922123894
0.0577777778	0.9922123894
0.0607814761	0.9858356941
0.0853193518	0.9636233951
0.0903703704	0.9929203540
0.1407407407	0.9932743363
0.1483357453	0.9858356941
0.2311111111	0.9932743363
0.4325925926	0.9932743363
1.0000000000	1.0000000000
1.0000000000	1.0000000000
1.0000000000	1.0000000000
1.0000000000	1.0000000000
1.0000000000	1.0000000000
1.0000000000	1.0000000000
1.0000000000	1.0000000000
1.0000000000	1.0000000000
1.0000000000	1.0000000000
1.0000000000	1.0000000000
