0.0000000000	0.0000000000
0.0000000000	0.9786359901
0.0000000000	0.8356614626
0.0000000000	0.9600499376
0.0000000000	0.6991260924
0.0000000000	0.9975186104
0.0000000000	0.9727047146
0.0000000000	0.9404466501
0.0000000000	0.8734491315
0.0000000000	0.7791563275
0.0000000000	0.5533498759
0.0000000000	0.3300248139
0.0006261741	0.9975186104
0.0049751244	0.8986232791
0.0075140889	1.0000000000
0.0133444537	1.0000000000
0.0149253731	0.9887359199
0.0255427842	1.0000000000
0.0323383085	1.0000000000
0.0646766169	1.0000000000
0.1069651741	1.0000000000
0.1293532338	1.0000000000
0.1766169154	1.0000000000
0.2860696517	1.0000000000
0.4552238806	1.0000000000
0.7512437811	1.0000000000
1.0000000000	1.0000000000
1.0000000000	1.0000000000
1.0000000000	1.0000000000
1.0000000000	1.0000000000
1.0000000000	1.0000000000
1.0000000000	1.0000000000
1.0000000000	1.0000000000
1.0000000000	1.0000000000
1.0000000000	1.0000000000
1.0000000000	1.0000000000
1.0000000000	1.0000000000
1.0000000000	1.0000000000
1.0000000000	1.0000000000
1.0000000000	1.0000000000
1.0000000000	1.0000000000
1.0000000000	1.0000000000
1.0000000000	1.0000000000
1.0000000000	1.0000000000
1.0000000000	1.0000000000
1.0000000000	1.0000000000
1.0000000000	1.0000000000
1.0000000000	1.0000000000
1.0000000000	1.0000000000
1.0000000000	1.0000000000
