0.0000000000	0.0000000000
0.0000000000	0.9987536352
0.0000000000	0.9833818031
0.0000000000	0.9248026589
0.0000000000	0.8275862069
0.0000000000	0.9981096408
0.0000000000	0.9968494014
0.0000000000	0.9968494014
0.0000000000	0.9943289225
0.0000000000	0.9861373661
0.0000000000	0.9521109011
0.0000000000	0.8380592313
0.0000000000	0.6849401386
0.0000000000	0.8643216080
0.0000000000	0.8027638191
0.0000000000	0.7437185930
0.0000000000	0.6507537688
0.0000000000	0.4987437186
0.0000000000	0.3793969849
0.0000000000	0.2160804020
0.0012484395	0.8932160804
0.0018832392	1.0000000000
0.0018832392	1.0000000000
0.0031387320	1.0000000000
0.0066307501	0.9981096408
0.0100439422	1.0000000000
0.0271535581	0.9246231156
0.0332705587	1.0000000000
0.0553459119	0.9076443058
0.0683796104	0.9987397606
0.0754716981	0.9650546022
0.1018867925	0.9950078003
0.1421383648	0.9993759750
0.1600753296	1.0000000000
0.1937106918	1.0000000000
0.2679245283	1.0000000000
0.3295597484	1.0000000000
0.4402515723	1.0000000000
0.5798742138	1.0000000000
0.7660377358	1.0000000000
1.0000000000	1.0000000000
1.0000000000	1.0000000000
1.0000000000	1.0000000000
1.0000000000	1.0000000000
1.0000000000	1.0000000000
1.0000000000	1.0000000000
1.0000000000	1.0000000000
1.0000000000	1.0000000000
1.0000000000	1.0000000000
1.0000000000	1.0000000000
