0.0000000000	0.0000000000
0.0000000000	0.9778894472
0.0000000000	0.8989949749
0.0000000000	0.9554224884
0.0000000000	0.8303393214
0.0000000000	0.9939455096
0.0000000000	0.9878910192
0.0000000000	0.9858728557
0.0000000000	0.9808274470
0.0000000000	0.8869828456
0.0000000000	0.6912209889
0.0000000000	0.8760000000
0.0000000000	0.7720000000
0.0000000000	0.7060000000
0.0000000000	0.6060000000
0.0000000000	0.3900000000
0.0006626905	0.9959636731
0.0010000000	0.9060000000
0.0010030090	1.0000000000
0.0019607843	0.9994974874
0.0020000000	0.9200000000
0.0046388337	0.9969727548
0.0070210632	1.0000000000
0.0090000000	0.9420000000
0.0098039216	1.0000000000
0.0150451354	1.0000000000
0.0159045726	0.9969727548
0.0270000000	0.9560000000
0.0421263791	1.0000000000
0.0431372549	1.0000000000
0.0609675282	0.9979818365
0.0882352941	1.0000000000
0.1033099298	1.0000000000
0.1745098039	1.0000000000
0.2823529412	1.0000000000
0.4254901961	1.0000000000
0.6588235294	1.0000000000
1.0000000000	1.0000000000
1.0000000000	1.0000000000
1.0000000000	1.0000000000
1.0000000000	1.0000000000
1.0000000000	1.0000000000
1.0000000000	1.0000000000
1.0000000000	1.0000000000
1.0000000000	1.0000000000
1.0000000000	1.0000000000
1.0000000000	1.0000000000
1.0000000000	1.0000000000
1.0000000000	1.0000000000
1.0000000000	1.0000000000
